0000000000000000000000000000
0000000000000000000000000000
0000001111111000001111100000
0000000111100000000111000000
0000000011100000000110000000
0000000011110000000110000000
0000000001110000000100000000
0000000001111000001100000000
0000000000111000001000000000
0000000000111100001000000000
0000000000011100011000000000
0000000000011100010000000000
0000000000001110110000000000
0000000000001110110000000000
0000000000000111100000000000
0000000000000111100000000000
0000000000000111000000000000
0000000000000011000000000000
0000000000000011000000000000
0000000000000010000000000000
0000000000000110000000000000
0000000000000100000000000000
0000000000001100000000000000
0000000111011000000000000000
0000001111111000000000000000
0000000111110000000000000000
0000000011000000000000000000
0000000000000000000000000000
