0000000000000000000000000000
0000000000000000000000000000
0000000000000000000000000000
0000000000000000000000000000
0000000000000000000000000000
0000000000000000000000000000
0000000000000000000000000000
0000000000000000000000000000
0000000000000000000000000000
0000001000000010000000100000
0000001100000010000001100000
0000001100000111000001000000
0000000100000101000001000000
0000000100001101000001000000
0000000010001001100010000000
0000000010001000100010000000
0000000011000000100110000000
0000000011000000000100000000
0000000001110000011100000000
0000000001110000011000000000
0000000000110000011000000000
0000000000000000000000000000
0000000000000000000000000000
0000000000000000000000000000
0000000000000000000000000000
0000000000000000000000000000
0000000000000000000000000000
0000000000000000000000000000
