0000000000000000000000000000
0000000000000000000000000000
0000000000000000000000000000
0000000000000000000000000000
0000000000000000000000000000
0000000000000000000000000000
0000000000000000000000000000
0000000000000000000000000000
0000000000000000000000000000
0000001100000010000001100000
0000001100000010000001100000
0000001100000110000001100000
0000000100000111000001000000
0000000100001101100001000000
0000000110001101100010000000
0000000010001000100010000000
0000000010001000100110000000
0000000011010000010110000000
0000000001110000011100000000
0000000001110000011100000000
0000000000110000011000000000
0000000000000000000000000000
0000000000000000000000000000
0000000000000000000000000000
0000000000000000000000000000
0000000000000000000000000000
0000000000000000000000000000
0000000000000000000000000000
