1111111100000000000000000000
1111111100000000000000000000
1111111100000000000000000000
1111111100000000000000000000
1111111100000000000000000000
1111111100000000000000000000
1111111100000000000000000000
1111111100000000000000000000
1111111100000000001111111111
1111111100000000111111111100
1111111100000111111111100000
1111111100011111111110000000
1111111111111111110000000000
1111111111111111000000000000
1111111111111111000000000000
1111111111111111000000000000
1111111100011111110000000000
1111111100011111111110000000
1111111100000111111111100000
1111111100000000111111100000
1111111100000000001111111100
1111111100000000001111111111
1111111100000000000001111111
0000000000000000000000000000
0000000000000000000000000000
0000000000000000000000000000
0000000000000000000000000000
0000000000000000000000000000
