0000000000000000000000000000
0000000000000000000000000000
0000000000000000000000000000
0000000000000000000000000000
0000000011111111100000000000
0000000011111111110000000000
0000000011111111111100000000
0000000010000000001110000000
0000000010000000000110000000
0000000010000000000010000000
0000000010000000000011000000
0000000010000000000001000000
0000000010000000000001000000
0000000010000000000001000000
0000000010000000000011000000
0000000010000000000011000000
0000000010000000000110000000
0000000010000000000110000000
0000000010000000011100000000
0000000011111111111000000000
0000000011111111000000000000
0000000000000000000000000000
0000000000000000000000000000
0000000000000000000000000000
0000000000000000000000000000
0000000000000000000000000000
0000000000000000000000000000
0000000000000000000000000000
