0000000000000000000000000000
0000000000000000000000000000
0000000000000000000000000000
0000000000000000000000000000
0000000000000000000000000000
0000000000000000000000000000
0000000111111111111100000000
0000000111111111111100000000
0000000100000001111000000000
0000000000000001110000000000
0000000000000011100000000000
0000000000000111100000000000
0000000000000111000000000000
0000000000001110000000000000
0000000000011110000000000000
0000000000111100000000000000
0000000000111000000000000000
0000000001111000000000000000
0000000011110000000100000000
0000000011100000000100000000
0000000111100000001100000000
0000001111111111111100000000
0000001111111111111100000000
0000000000000000000000000000
0000000000000000000000000000
0000000000000000000000000000
0000000000000000000000000000
0000000000000000000000000000
