0000000000000000000000000000
0000000000000000000000000000
0000000000000000000000000000
0000000000000000000000000000
0000000000000000000000000000
0000000000011111100000000000
0000000000111111111000000000
0000000001100000111100000000
0000000011100000011100000000
0000000011000000011110000000
0000000011000000011110000000
0000000111111111111110000000
0000000111111111111110000000
0000000111000000000000000000
0000000111000000000000000000
0000000111000000000000000000
0000000011100000000001000000
0000000011100000000010000000
0000000011110000000100000000
0000000001111100011100000000
0000000000111111110000000000
0000000000001111000000000000
0000000000000000000000000000
0000000000000000000000000000
0000000000000000000000000000
0000000000000000000000000000
0000000000000000000000000000
0000000000000000000000000000
