0000000000000000000000000000
0000000000000000000000000000
0000000000000000000000000000
0000000000000000000000000000
0000000000000000000000000000
0000000000000000000000000000
0000000000000000000000000000
0000000000011111110000000000
0000000111111111111111110000
0000011111111000111111111100
0001111110000000000011111100
0001111110000000000000111100
1111111000000000000000111111
1111111111111111111111111111
1111111111111111111111111111
1111111111111111111111111111
1111111110000000000000000000
1111111000000000000000000000
0001111000000000000000000000
0001111110000000000000000000
0001111111100000000000111100
0000011111111111111111111100
0000000001111111111111110000
0000000000000000000000000000
0000000000000000000000000000
0000000000000000000000000000
0000000000000000000000000000
0000000000000000000000000000
