0000000000000000000000000000
0000000000000000000000000000
0000000000000000000000000000
1111111000000000000000001111
0011111000000000000000111110
0011111000000000000000111110
0011111110000000000000111110
0000111110000000000011111000
0000111110000000000011111000
0000011111000000000011111000
0000011111000000000111110000
0000011111000000000111110000
0000000111110000000111110000
0000000111110000011111000000
0000000111110000011111000000
0000000111110000011111000000
0000000001111100011100000000
0000000001111101111100000000
0000000001111101111100000000
0000000000111111111000000000
0000000000111111111000000000
0000000000111111111000000000
0000000000001111100000000000
0000000000000000000000000000
0000000000000000000000000000
0000000000000000000000000000
0000000000000000000000000000
0000000000000000000000000000
