0000000000000000000000000000
0000000000000000000000000000
0000000000000000000000000000
0000000000000000000000000000
0000000000000000000000000000
0000000000111111111100000000
0000000000011111111000000000
0000000000011111111000000000
0000000000011111111000000000
0000000000011111111000000000
0000000000011111111000000000
0000000000011111111000000000
0000000000011111111000000000
0000000000011111111000000000
0000000000011111111000000000
0000000000011111111000000000
0000000000011111111000000000
0000000000011111111000000000
0000000000011111111000000000
0000000000111111111100000000
0000000000000000000000000000
0000000000000000000000000000
0000000000000000000000000000
0000000000000000000000000000
0000000000000000000000000000
0000000000000000000000000000
0000000000000000000000000000
0000000000000000000000000000
