0000000000000000000000000000
0000000000000000000000000000
0000000000000000000000000000
0000000000000000000000000000
0000000011000000000010000000
0000000011000000000010000000
0000000011100000000010000000
0000000011110000000010000000
0000000010110000000010000000
0000000010011000000010000000
0000000010001100000010000000
0000000010000110000010000000
0000000010000010000010000000
0000000010000011000010000000
0000000010000001100010000000
0000000010000001100010000000
0000000010000000010010000000
0000000010000000011010000000
0000000010000000001110000000
0000000010000000000110000000
0000000010000000000110000000
0000000000000000000000000000
0000000000000000000000000000
0000000000000000000000000000
0000000000000000000000000000
0000000000000000000000000000
0000000000000000000000000000
0000000000000000000000000000
