0000000000000000000000000000
0000000000000000000000000000
0001111111111111110000000000
0000001111111111111100000000
0000001111000000111110000000
0000001111000000001111000000
0000001111000000001111000000
0000001111000000001111100000
0000001111000000000111100000
0000001111000000000111000000
0000001111000000001111000000
0000001111000000001111000000
0000001111000000011110000000
0000001111000011111000000000
0000001111111111100000000000
0000001111111111100000000000
0000001111000111100000000000
0000001111000111110000000000
0000001111000011111000000000
0000001111000001111100000000
0000001111000000111110000000
0000001111000000011110000000
0000001111000000011111000000
0000001111000000001111100000
0000001111000000000111110000
0000011111100000000011111000
0001111111111000000001111110
0000000000000000000000000000
