0000000000000000000000000000
0000000000000000000000000000
0000000000000000000000000000
0000000000000000000000000000
0000000000000000000000000000
0000000111111001110000000000
0000000011111001111100000000
0000000011111000111100000000
0000000011111000111110000000
0000000011111000111110000000
0000000011111000111100000000
0000000011111000111100000000
0000000011111001100000000000
0000000011111000111100000000
0000000011111000111100000000
0000000011111000111110000000
0000000011111000111110000000
0000000011111000111110100000
0000000011111000111111000000
0000000111111100001110000000
0000000000000000000000000000
0000000000000000000000000000
0000000000000000000000000000
0000000000000000000000000000
0000000000000000000000000000
0000000000000000000000000000
0000000000000000000000000000
0000000000000000000000000000
