0000000000111111110000000000
0000000011111111111110000000
0000001111100000011111000000
0000011110000000000111100000
0000011100000000000011110000
0000111100000000000011110000
0001111000000000000001111000
0001111000000000000001111000
0001111000000000000000111100
0011111000000000000000111100
0011110000000000000000111100
0011110000000000000000111100
0011110000000000000000111100
0011110000000000000000111100
0011110000000000000000111100
0011110000000000000000111100
0001111000000000000000111100
0001111000000000000000111000
0001111000000000000001111000
0000111100000000000001110000
0000011111000000000111100000
0000000111100000011111000000
0000000011111111111100000000
0000000000011111100000000000
0000000000000111111000000000
0000000000000011111100000000
0000000000000001111110000000
0000000000000000011111110000
