0000000000000000000000000000
0000000000000110000000000000
0000000000000110000000000000
0000000000000111000000000000
0000000000001111000000000000
0000000000001111000000000000
0000000000011111100000000000
0000000000011011100000000000
0000000000110011110000000000
0000000000110001110000000000
0000000000100001111000000000
0000000001100001111000000000
0000000001000000111000000000
0000000011000000111100000000
0000000010000000011100000000
0000000110000000011110000000
0000000111111111111110000000
0000000111111111111111000000
0000001100000000001111000000
0000001000000000000111000000
0000011000000000000111100000
0000011000000000000011100000
0000110000000000000011110000
0000110000000000000011110000
0011111000000000000111111100
0011111110000000001111111110
0000000000000000000000000000
0000000000000000000000000000
