0000000000000000000000000000
0000000000000000000000000000
0000000000000000000000000000
0000000000000000000000000000
0000000000000000000000000000
0000000000000111110000000000
0000000000000111110000000000
0000000000000111110000000000
0000000000000011111000000000
0000000000000011111000000000
0000000000000011111100000000
0000000000010001111100000000
0000000000000001111100000000
0000000000100001111100000000
0000000000000001111100000000
0000000001001111111110000000
0000000000000000111110000000
0000000000000000111111000000
0000000111000000111111000000
0000001111100001111111100000
0000000000000000000000000000
0000000000000000000000000000
0000000000000000000000000000
0000000000000000000000000000
0000000000000000000000000000
0000000000000000000000000000
0000000000000000000000000000
0000000000000000000000000000
