0000000000000000000000000000
0000000000000000000000000000
0000000000000000000000000000
0000000000000000000000000000
0000000000000000000000000000
0000000010000000000010000000
0000000010000000000010000000
0000000010000000000010000000
0000000010000000000010000000
0000000010000000000010000000
0000000010000000000010000000
0000000010000000000010000000
0000000010000000000010000000
0000000010000000000010000000
0000000010000000000010000000
0000000010000000000010000000
0000000010000000000110000000
0000000011000000000110000000
0000000011000000001100000000
0000000001110000011100000000
0000000000111111110000000000
0000000000000000000000000000
0000000000000000000000000000
0000000000000000000000000000
0000000000000000000000000000
0000000000000000000000000000
0000000000000000000000000000
0000000000000000000000000000
