0000000000000000000000000000
0000000000000000000000000000
0000000000000000000000000000
1111111111111111111111110000
1111111111111111111111111100
1111111100000000000111111111
1111111100000000000000111111
1111111100000000000000111111
1111111100000000000000111111
1111111100000000000000111111
1111111100000000000000111111
1111111100000000000111111111
1111111111111111111111111100
1111111111111111111111110000
1111111111111111111111110000
1111111111111111100000000000
1111111100000000000000000000
1111111100000000000000000000
1111111100000000000000000000
1111111100000000000000000000
1111111100000000000000000000
1111111100000000000000000000
1111111100000000000000000000
0000000000000000000000000000
0000000000000000000000000000
0000000000000000000000000000
0000000000000000000000000000
0000000000000000000000000000
