0000000000000000000000000000
0000000000000000000000000000
0111111000000000011111111100
0001111100000000000011100000
0000111110000000000001100000
0000111111000000000001000000
0000111111000000000001000000
0000110111100000000001000000
0000110111110000000001000000
0000110011111000000001000000
0000110001111000000001000000
0000110000111100000001000000
0000110000111110000001000000
0000110000011111000001000000
0000110000001111000001000000
0000110000000111100001000000
0000110000000011110001000000
0000110000000011111001000000
0000110000000001111101000000
0000110000000000111111000000
0000110000000000011111000000
0000110000000000011111000000
0000110000000000001111000000
0000110000000000000111000000
0000110000000000000011000000
0001111000000000000011000000
0111111110000000000001000000
0000000000000000000000000000
