0000000000000000000000000000
0000000000000000000000000000
0000000000000000001100000000
0000000000000001111100000000
0000000000000000111100000000
0000000000000000011100000000
0000000000000000011100000000
0000000000000000011100000000
0000000000000000011100000000
0000000000000000011100000000
0000000000111111011100000000
0000000011111111111100000000
0000000111100001111100000000
0000000111000000111100000000
0000001110000000111100000000
0000001110000000011100000000
0000011100000000011100000000
0000011100000000011100000000
0000011100000000011100000000
0000011100000000011100000000
0000011110000000011100000000
0000001110000000011100000000
0000001110000000011100000000
0000001111000000111100000000
0000000111110001111111000000
0000000011111111011100000000
0000000000111100000000000000
0000000000000000000000000000
