0000000000000000000000000000
0000000000000000000000000000
0000000000000000000000000000
0000000000000000000000000000
0000000000000000000000000000
0000000000000000000000000000
0000000000000000000000000000
0000000000000000000000000000
0000000000000000000000000000
0000001100011000001110000000
0000001101111110011111000000
0000001110000011000001100000
0000001100000010000001100000
0000001100000010000001100000
0000001100000010000001100000
0000001100000010000001100000
0000001100000010000001100000
0000001100000010000001100000
0000001100000010000001100000
0000001100000010000001100000
0000001100000010000001100000
0000000000000000000000000000
0000000000000000000000000000
0000000000000000000000000000
0000000000000000000000000000
0000000000000000000000000000
0000000000000000000000000000
0000000000000000000000000000
