0000000000000000000000000000
0000000000000000000000000000
0000011111111111111111110000
0000011111111111111111110000
0000011000000000000111100000
0000010000000000001111000000
0000110000000000001111000000
0000100000000000011110000000
0000000000000000111100000000
0000000000000001111100000000
0000000000000001111000000000
0000000000000011110000000000
0000000000000111100000000000
0000000000000111100000000000
0000000000001111000000000000
0000000000011110000000000000
0000000000111110000000000000
0000000000111100000000000000
0000000001111000000000000000
0000000011110000000000000000
0000000011110000000000000000
0000000111100000000000001000
0000001111000000000000011000
0000011111000000000000111000
0000011110000000000001110000
0000111111111111111111110000
0001111111111111111111110000
0000000000000000000000000000
