0000000000000000000000000000
0000000000000000000000000000
0000000000000000000000000000
0000000000000000000000000000
0000000000000000000000000000
0000000011111100111111000000
0000000011110001111111000000
0000000011000001111111000000
0000000010000001111110000000
0000000010000011111100000000
0000000000000111111000000000
0000000000001111111000000000
0000000000001111110000000000
0000000000011111110000000000
0000000000111111100000000000
0000000000111111000000000000
0000000000111110000000000000
0000000001111110000001000000
0000000011111110000111000000
0000000011111100111111000000
0000000000000000000000000000
0000000000000000000000000000
0000000000000000000000000000
0000000000000000000000000000
0000000000000000000000000000
0000000000000000000000000000
0000000000000000000000000000
0000000000000000000000000000
