0000000000000111111111111111
0000000000000111111111111111
0000000000111111111111111111
0000000000111111111000000111
0000000111111111000000000000
0000000111111111000000000000
0000000111111111000000000000
0000000111111111000000000000
1111111111111111111111111000
1111111111111111111111111000
0000000111111111000000000000
0000000111111111000000000000
0000000111111111000000000000
0000000111111111000000000000
0000000111111111000000000000
0000000111111111000000000000
0000000111111111000000000000
0000000111111111000000000000
0000000111111111000000000000
0000000111111111000000000000
0000000111111111000000000000
0000000111111111000000000000
0000000111111111000000000000
0000000000000000000000000000
0000000000000000000000000000
0000000000000000000000000000
0000000000000000000000000000
0000000000000000000000000000
