0000000000000000000000000000
0000000000000000000000000000
0000000011111111111111000000
1111111111111111111111000000
1111111111111111111111111111
0000000000000000000000000000
0000000000000000000000000000
0000000000000000000000000000
0000000011111111111111000000
0000000011111111111111000000
0000000011111111111111000000
0000000011111111111111000000
0000000011111111111111000000
0000000011111111111111000000
0000000011111111111111000000
0000000011111111111111000000
0000000011111111111111000000
0000000011111111111111000000
0000000011111111111111000000
0000000011111111111111000000
0000000011111111111111000000
0000000011111111111111000000
0000000011111111111111000000
0000000000000000000000000000
0000000000000000000000000000
0000000000000000000000000000
0000000000000000000000000000
0000000000000000000000000000
