0000000000000000000000000000
0000000000000000000000000000
0000000000000000000000000000
0000000000000000000000000000
0000000011000000000011100000
0000000011000000000111000000
0000000011000000001110000000
0000000011000000011000000000
0000000011000001110000000000
0000000011000001100000000000
0000000011000110000000000000
0000000011001110000000000000
0000000011110011000000000000
0000000011110001100000000000
0000000011000001100000000000
0000000011000000011000000000
0000000011000000011000000000
0000000011000000001100000000
0000000011000000000111000000
0000000011000000000011000000
0000000011000000000001110000
0000000000000000000000000000
0000000000000000000000000000
0000000000000000000000000000
0000000000000000000000000000
0000000000000000000000000000
0000000000000000000000000000
0000000000000000000000000000
