0000000000000000000000000000
0000000000000000000000000000
0000000000000000000000000000
0000000000000000000000000000
0000000000000000000000000000
0000000111111100011111000000
0000000011111000001110000000
0000000011111000000100000000
0000000011111000001000000000
0000000011111000010000000000
0000000011111000010000000000
0000000011111001111000000000
0000000011111001111000000000
0000000011111001111100000000
0000000011111001111100000000
0000000011111001111110000000
0000000011111000111110000000
0000000011111000111110000000
0000000011111000011111000000
0000000111111101111111100000
0000000000000000000000000000
0000000000000000000000000000
0000000000000000000000000000
0000000000000000000000000000
0000000000000000000000000000
0000000000000000000000000000
0000000000000000000000000000
0000000000000000000000000000
