0000000000000000000000000000
0000000000000000000000000000
0000000000000000000000000000
0000000000000000000000000000
0000000000000000000000000000
0000000011111111100000000000
0000000001111111000000000000
0000000001111111000000000000
0000000001111111000000000000
0000000001111111000000000000
0000000001111111000000000000
0000000001111111000000000000
0000000001111111000000000000
0000000001111111000000000000
0000000001111111000000000000
0000000001111111000000000000
0000000001111111000000100000
0000000001111111000011100000
0000000001111111000111100000
0000000011111111001111100000
0000000000000000000000000000
0000000000000000000000000000
0000000000000000000000000000
0000000000000000000000000000
0000000000000000000000000000
0000000000000000000000000000
0000000000000000000000000000
0000000000000000000000000000
