0000000000000000000000000000
0000000000000000000000000000
0000000000000000000000000000
0000000000000000000000000000
0000000000000000000000000000
0000000000000000000000000000
0000000000000000000000000000
0000000000000000000000000000
0000000000000000000000000000
0000000111000000000011100000
0000000011000000000011000000
0000000001100000000110000000
0000000001110000001110000000
0000000000110000001100000000
0000000000110000011100000000
0000000000010000011000000000
0000000000001000010000000000
0000000000001100100000000000
0000000000001111100000000000
0000000000000111100000000000
0000000000000011000000000000
0000000000000011000000000000
0000000000000110000000000000
0000000000001100000000000000
0000000000001100000000000000
0000000001110000000000000000
0000000000000000000000000000
0000000000000000000000000000
