0000000000000000000000000000
0000000000000000000000000000
0000000000000000000000000000
0000000000000000000000000000
0000000000000000000000000000
0000000000000000000000000000
0000000000000000000000000000
0000000000000000000000000000
1111111000000000000000111111
0001111110000000000000111111
0001111110000000000000111111
0000011111100000000011111100
0000011111100000000011111100
0000011111100000000011110000
0000011111100000000011110000
0000000111111000001111110000
0000000111111000001111110000
0000000111111000001111000000
0000000001111111111111000000
0000000001111111111111000000
0000000000011111111100000000
0000000000011111111100000000
0000000000011111111100000000
0000000000011111110000000000
0000000000011111110000000000
0000000001111111000000000000
0000000001111111000000000000
0000000001111111000000000000
