0000000000000000000000000000
0000000000000000000000000000
0000000000000000000000000000
0000000000000000000000000000
0000000000000000000000000000
0000000001110000000000000000
0000000001110000000000000000
0000000001110000000000000000
0000000001110000000000000000
0000000001110000000111000000
0000000001110000001110000000
0000000001110000011000000000
0000000001110001100000000000
0000000001110111000000000000
0000000001111111000000000000
0000000001111001100000000000
0000000001110000110000000000
0000000001110000011000000000
0000000001110000011100000000
0000000001110000001110000000
0000000001110000000111000000
0000000000000000000000000000
0000000000000000000000000000
0000000000000000000000000000
0000000000000000000000000000
0000000000000000000000000000
0000000000000000000000000000
0000000000000000000000000000
