0000000000000000000000000000
0000000000000000000000000000
0000000000011111100010000000
0000000001111111111110000000
0000000011110000011110000000
0000000011100000000111000000
0000000011100000000011000000
0000000111100000000011000000
0000000111100000000001000000
0000000011110000000001000000
0000000011111000000000000000
0000000001111100000000000000
0000000000111111000000000000
0000000000011111110000000000
0000000000000111111000000000
0000000000000001111110000000
0000000000000000111110000000
0000000000000000001111000000
0000000000000000001111100000
0000000000000000000111100000
0000000100000000000111100000
0000000100000000000111100000
0000000110000000000111000000
0000000111000000001111000000
0000000111111000011110000000
0000000111111111111100000000
0000000100001111100000000000
0000000000000000000000000000
