0000000000000000000000000000
0000000000000000000000000000
0000000001100000000000000000
0000001111100000000000000000
0000000011100000000000000000
0000000011100000000000000000
0000000011100000000000000000
0000000011100000000000000000
0000000011100000000000000000
0000000011100000000000000000
0000000011100001111111000000
0000000011100000011100000000
0000000011100000110000000000
0000000011100001100000000000
0000000011100011000000000000
0000000011100110000000000000
0000000011101100000000000000
0000000011111100000000000000
0000000011101110000000000000
0000000011100111000000000000
0000000011100111100000000000
0000000011100011110000000000
0000000011100001110000000000
0000000011100000111000000000
0000000011100000011100000000
0000000111110000011111000000
0000011111111100111111100000
0000000000000000000000000000
