0000000000000000000000000000
0000000000000000000000000000
0011111111110000000111111110
0000111111000000000000111000
0000011111000000000000110000
0000001111000000000001100000
0000001111100000000001100000
0000000111100000000011000000
0000000011110000000010000000
0000000011111000000110000000
0000000001111000001100000000
0000000000111100001000000000
0000000000011110011000000000
0000000000011111110000000000
0000000000001111100000000000
0000000000000111100000000000
0000000000000111100000000000
0000000000000111100000000000
0000000000000111100000000000
0000000000000111100000000000
0000000000000111100000000000
0000000000000111100000000000
0000000000000111100000000000
0000000000000111100000000000
0000000000000111100000000000
0000000000011111110000000000
0000000001111111111100000000
0000000000000000000000000000
