0000000000000000000000000000
0000000000000000000000000000
0000000000000000000000000000
0000000000000000000000000000
0000000000000000000000000000
0000001100000000000001110000
0000000011000000000011000000
0000000011000000000111000000
0000000001100000001100000000
0000000000110000011000000000
0000000000110000011000000000
0000000000001000110000000000
0000000000001111100000000000
0000000000000111000000000000
0000000000000011000000000000
0000000000000010000000000000
0000000000000010000000000000
0000000000000010000000000000
0000000000000010000000000000
0000000000000010000000000000
0000000000000010000000000000
0000000000000000000000000000
0000000000000000000000000000
0000000000000000000000000000
0000000000000000000000000000
0000000000000000000000000000
0000000000000000000000000000
0000000000000000000000000000
