0000000000000000000000000000
0000000000000000000000000000
0000000000000000000000000000
1111111100000000000000111111
0011111100000000000000111111
0011111111000000000011111100
0000111111000000000011111100
0000111111110000001111110000
0000001111110000001111110000
0000001111111100111111000000
0000000011111100111111000000
0000000011111111111100000000
0000000000111111111100000000
0000000000111111110000000000
0000000000111111110000000000
0000000000001111110000000000
0000000000001111110000000000
0000000000001111110000000000
0000000000001111110000000000
0000000000001111110000000000
0000000000001111110000000000
0000000000001111110000000000
0000000000001111110000000000
0000000000000000000000000000
0000000000000000000000000000
0000000000000000000000000000
0000000000000000000000000000
0000000000000000000000000000
