0000000000000000000000000000
0000000000000011000000000000
0000000000000111100000000000
0000000000000111100000000000
0000000000000011000000000000
0000000000000000000000000000
0000000000000001100000000000
0000000000001111100000000000
0000000000000111100000000000
0000000000000011100000000000
0000000000000011100000000000
0000000000000011100000000000
0000000000000011100000000000
0000000000000011100000000000
0000000000000011100000000000
0000000000000011100000000000
0000000000000011100000000000
0000000000000011100000000000
0000000000000011100000000000
0000000000000011100000000000
0000000000000011100000000000
0000000000000011100000000000
0000000000000011000000000000
0000000000000011000000000000
0000000011000111000000000000
0000000111100110000000000000
0000000111111100000000000000
0000000001110000000000000000
