0000000000000000000000000000
0000000000000000000000000000
0000000000000000000000000000
0000000000000000000000000000
0000000000000000000000000000
0000000111000000000011100000
0000000011000000000111000000
0000000001100000001100000000
0000000000110000011000000000
0000000000011000010000000000
0000000000001100110000000000
0000000000001111100000000000
0000000000000011000000000000
0000000000000111100000000000
0000000000001111100000000000
0000000000001000110000000000
0000000000110000011000000000
0000000000110000001100000000
0000000011000000000110000000
0000000011000000000111000000
0000000110000000000001100000
0000000000000000000000000000
0000000000000000000000000000
0000000000000000000000000000
0000000000000000000000000000
0000000000000000000000000000
0000000000000000000000000000
0000000000000000000000000000
