0000000000000000000000000000
0000000000000000000000000000
0000000000000000000000000000
0000000000000000000000000000
0000000000000000000000000000
0000001111111110011111000000
0000000111111100001110000000
0000000011111110000100000000
0000000001111110001000000000
0000000001111110000000000000
0000000000111111000000000000
0000000000011111100000000000
0000000000001111100000000000
0000000000001111110000000000
0000000000001111111000000000
0000000000000111111100000000
0000000000100011111100000000
0000000001000001111110000000
0000000011000001111111000000
0000000111110001111111100000
0000000000000000000000000000
0000000000000000000000000000
0000000000000000000000000000
0000000000000000000000000000
0000000000000000000000000000
0000000000000000000000000000
0000000000000000000000000000
0000000000000000000000000000
