0000000000000000000000000000
0000000000000000000000000000
0000000000000000000000000000
0000000000000000000000000000
0000000000000000000000000000
0000000000000000000000000000
0000000000011111000000000000
0000000000110000110000000000
0000000001100000010000000000
0000000001100000010000000000
0000000001110000000000000000
0000000001111000000000000000
0000000001111100000000000000
0000000000111111000000000000
0000000000001111110000000000
0000000000000111111000000000
0000000000000001111000000000
0000000001000000111100000000
0000000001000000011100000000
0000000001000000011100000000
0000000001100000011000000000
0000000001111000110000000000
0000000000000111000000000000
0000000000000000000000000000
0000000000000000000000000000
0000000000000000000000000000
0000000000000000000000000000
0000000000000000000000000000
