0000000000000000000000000000
0000000000000000000000000000
0000000000000000000000000000
0000000000000000000000000000
0000000000000000000000000000
0000000000000000000000000000
0000000000000000000000000000
0000000000000000000000000000
0000000000000000000000000000
0000000000001111100000000000
0000000001111111111000000000
0000000011100000001110000000
0000000011100000000000000000
0000000001110000000000000000
0000000000111111100000000000
0000000000000111111110000000
0000000000000000000111000000
0000000011000000000011000000
0000000011100000000110000000
0000000000111111111100000000
0000000000001111100000000000
0000000000000000000000000000
0000000000000000000000000000
0000000000000000000000000000
0000000000000000000000000000
0000000000000000000000000000
0000000000000000000000000000
0000000000000000000000000000
