0000000000000000000000000000
0000000000000000000000000000
0000000000110011111100000000
0000001111110111111110000000
0000000011111000001111000000
0000000011110000000111000000
0000000001110000000111100000
0000000001110000000111100000
0000000001110000000011100000
0000000001110000000011100000
0000000001110000000011100000
0000000001110000000011100000
0000000001110000000011100000
0000000001110000000111000000
0000000001110000000111000000
0000000001110000001110000000
0000000001111100011100000000
0000000001111111111000000000
0000000001110111100000000000
0000000001110000000000000000
0000000001110000000000000000
0000000001110000000000000000
0000000001110000000000000000
0000000001110000000000000000
0000000011110000000000000000
0000000111111000000000000000
0000001111111110000000000000
0000000000000000000000000000
