0000000000000000000000000000
0000000000000000000000000000
0000000000000000000000000000
0000000000000000000000000000
0000000000000000000000000000
0000000000001000110000000000
0000000000111000011100000000
0000000001111000011110000000
0000000011110000011110000000
0000000011110000011111000000
0000000111110000011111100000
0000000111110000011111100000
0000000111110000011111100000
0000000111110000011111100000
0000000111110000011111100000
0000000111110000011111000000
0000000011110000011111000000
0000000011110011111110000000
0000000000111000111100000000
0000000000001000111111100000
0000000000000000000000000000
0000000000000000000000000000
0000000000000000000000000000
0000000000000000000000000000
0000000000000000000000000000
0000000000000000000000000000
0000000000000000000000000000
0000000000000000000000000000
