0000000000000000000000000000
0000000000000000000000000000
0000000000000000000000000000
0000000000000000000000000000
0000000000000000000000000000
0000000000000000000000000000
0000000000000000000000000000
0000000000000111111110000000
1111110011111111111111111100
1111111111111111111111111111
1111111111100000000001111111
1111111100000000000001111111
1111110000000000000000011111
1111110000000000000000011111
1111110000000000000000011111
1111110000000000000000011111
1111110000000000000000011111
1111110000000000000000011111
1111110000000000000000011111
1111110000000000000000011111
1111110000000000000000011111
1111110000000000000000011111
1111110000000000000000011111
0000000000000000000000000000
0000000000000000000000000000
0000000000000000000000000000
0000000000000000000000000000
0000000000000000000000000000
