0000000000000000000000000000
0000000000000000000000000000
0000000000000000000000000000
0000000000000000000000000000
0000000000000000000000000000
0000000000000000000000000000
0000000000000000000000000000
0000000000000000000000000000
0000000000000000000000000000
0000000000001111100000000000
0000000000111111110000000000
0000000001100000001100000000
0000000011000000001110000000
0000000000000000000110000000
0000000000000111111110000000
0000000001111111111110000000
0000000011100000000110000000
0000000011000000000110000000
0000000011000000001110000000
0000000011100000111110000000
0000000001111111100110000000
0000000000000000000000000000
0000000000000000000000000000
0000000000000000000000000000
0000000000000000000000000000
0000000000000000000000000000
0000000000000000000000000000
0000000000000000000000000000
