0000000000000000000000000000
0000000000000000000000000000
1111110000000000000000111111
0111110000000000000000111110
0011111000000000000000111110
0011111000000000000001111100
0011111100000000000001111100
0011111100000000000011011100
0011111110000000000011011100
0011011110000000000110011100
0011011110000000000110011100
0011001111000000001100011100
0011001111000000001100011100
0011000111100000001000011100
0011000111100000011000011100
0011000011110000010000011100
0011000011110000110000011100
0011000001111000110000011100
0011000001111001100000011100
0011000000111101100000011100
0011000000111111000000011100
0011000000111111000000011100
0011000000011110000000011100
0011000000011110000000011100
0011000000001100000000011110
0111100000001100000001111111
1111111000000000000011111111
0000000000000000000000000000
