0000000000000000000000000000
0000000000000000000000000000
0000000000000000000000000000
0000000000000000000000000000
0000000110000000000011100000
0000000110000000000011100000
0000000111000000000011100000
0000000101100000000101100000
0000000100100000001101100000
0000000100100000001101100000
0000000100000000001001100000
0000000100010000000001100000
0000000100010000010001100000
0000000100010000010001100000
0000000100001000010001100000
0000000100001000100001100000
0000000100001100100001100000
0000000100000101100001100000
0000000100000101000001100000
0000000100000010000001100000
0000000100000010000001100000
0000000000000000000000000000
0000000000000000000000000000
0000000000000000000000000000
0000000000000000000000000000
0000000000000000000000000000
0000000000000000000000000000
0000000000000000000000000000
