0000000000000000000000000000
0000000000000000000000000000
0000000000000000000000000000
1111111000000000000000011111
1111111100000000000000111111
1111111100000000000000111111
1111111100000000000011111111
1111001111000000000011110011
1111001111000000000011100011
1111000111100000000111100011
1111000111100000000111100011
1111000111100000001111000011
1111000011110000001111000011
1111000011110000001100000011
1111000011110000001100000011
1111000000111100111100000011
1111000000111100111100000011
1111000000111101111000000011
1111000000011111111000000011
1111000000011111110000000011
1111000000001111110000000011
1111000000001111110000000011
1111000000001111000000000011
0000000000000000000000000000
0000000000000000000000000000
0000000000000000000000000000
0000000000000000000000000000
0000000000000000000000000000
