0000000000000000000000000000
0000000000000000000000000000
0000000000000000000000000000
0000000000000000000000000000
0000000000000000000000000000
0000000011111100111000000000
0000000011111100011111000000
0000000011111100011111000000
0000000011111100011111000000
0000000011111100011111000000
0000000011111100011111000000
0000000011111100011110000000
0000000011111100111000000000
0000000011111100011111000000
0000000011111100011111000000
0000000011111100011111100000
0000000011111100011111100000
0000000011111100011111000000
0000000011111100011111000000
0000000011111100111000000000
0000000000000000000000000000
0000000000000000000000000000
0000000000000000000000000000
0000000000000000000000000000
0000000000000000000000000000
0000000000000000000000000000
0000000000000000000000000000
0000000000000000000000000000
