0000000000000000000000000000
0000000000000000000000000000
0011111111110000111111111100
0000111110000000000111110000
0000011110000000000111100000
0000011100000000000011100000
0000011100000000000011100000
0000011100000000000011100000
0000011100000000000011100000
0000011100000000000011100000
0000011100000000000011100000
0000011100000000000011100000
0000011100000000000011100000
0000011110000000000111100000
0000011111111111111111100000
0000011111111111111111100000
0000011100000000000011100000
0000011100000000000011100000
0000011100000000000011100000
0000011100000000000011100000
0000011100000000000011100000
0000011100000000000011100000
0000011100000000000011100000
0000011100000000000011100000
0000011110000000000111110000
0001111111000000001111111000
0011111111110000111111111100
0000000000000000000000000000
