0000000000000000000000000000
0000000000000000000000000000
0000000000000000000000000000
0000000000000000000000000000
0000000000000000000000000000
0000000010000000000010000000
0000000010000000000010000000
0000000010000000000010000000
0000000010000000000010000000
0000000010000000000010000000
0000000010000000000010000000
0000000010000000000010000000
0000000011111111111110000000
0000000010000000000010000000
0000000010000000000010000000
0000000010000000000010000000
0000000010000000000010000000
0000000010000000000010000000
0000000010000000000010000000
0000000010000000000010000000
0000000010000000000010000000
0000000000000000000000000000
0000000000000000000000000000
0000000000000000000000000000
0000000000000000000000000000
0000000000000000000000000000
0000000000000000000000000000
0000000000000000000000000000
