0000000000000000000000000000
0000000000000000000000000000
0000000000000000000000000000
0000000000000000000000000000
0000000000000000000000000000
0000000111111100111111000000
0000000011111000111111000000
0000000011111000111110000000
0000000011111000111110000000
0000000011111000111110000000
0000000011111000111110000000
0000000011111000111110000000
0000000011111001111110000000
0000000011111000111110000000
0000000011111000111110000000
0000000011111000111110000000
0000000011111000111110000000
0000000011111000111110000000
0000000011111000111111000000
0000000111111100111111000000
0000000000000000000000000000
0000000000000000000000000000
0000000000000000000000000000
0000000000000000000000000000
0000000000000000000000000000
0000000000000000000000000000
0000000000000000000000000000
0000000000000000000000000000
