0000000000000000000000000000
0000000000000000000000000000
0000000000000000000000000000
1111110000000000000000111111
1111110000000000000000111111
1111110000000000000000111111
1111110000000000000000111111
1111110000000000000000111111
1111110000000000000000111111
1111110000000000000000111111
1111110000000000000000111111
1111111111111111111111111111
1111111111111111111111111111
1111110000000000000000111111
1111110000000000000000111111
1111110000000000000000111111
1111110000000000000000111111
1111110000000000000000111111
1111110000000000000000111111
1111110000000000000000111111
1111110000000000000000111111
1111110000000000000000111111
1111110000000000000000111111
0000000000000000000000000000
0000000000000000000000000000
0000000000000000000000000000
0000000000000000000000000000
0000000000000000000000000000
