0000000000000000000000000000
0000000000000000000000000000
0000000000000000000000000000
0000000000000000000000000000
0000000000000000000000000000
0001100001111000001111100000
0111100111111100111111110000
0111111000011111100001111000
0011110000001111000000111000
0011100000001110000000111000
0011100000001110000000111000
0011100000001110000000111000
0011100000001110000000111000
0011100000001110000000111000
0011100000001110000000111000
0011100000001110000000111000
0011100000001110000000111000
0011100000001110000000111000
0011100000001110000000111000
0011110000001110000000111000
0111110000011111000001111100
1111111100111111110011111110
0000000000000000000000000000
0000000000000000000000000000
0000000000000000000000000000
0000000000000000000000000000
0000000000000000000000000000
0000000000000000000000000000
