0000000000000000000000000000
0000000000000000000000000000
0000000000000000000000000000
0000000000000000000000000000
0000000000000000000000000000
0000000000000000000000000000
0000000000000000000000000000
0000000000000000000000000000
0000000000000000000000000000
0000001100011000001100000000
0000001100111100011110000000
0000001111000110100011000000
0000001100000010000001100000
0000001100000010000001100000
0000001100000010000001100000
0000001100000010000001100000
0000001100000010000001100000
0000001100000010000001100000
0000001100000010000001100000
0000001100000010000001100000
0000001100000010000001100000
0000000000000000000000000000
0000000000000000000000000000
0000000000000000000000000000
0000000000000000000000000000
0000000000000000000000000000
0000000000000000000000000000
0000000000000000000000000000
