0000000000000000000000000000
0000000000000000000000000000
0000000000000000000000000000
0000000000000000000000000000
0000000000000000000000000000
0000000000000000000000000000
0000000000000000000000000000
0000000011110000000001110000
1110011111111110001111111110
1111111111111111111111111111
1111110000011111111100001111
1111100000001111110000000011
1110000000001111100000000011
1110000000001111100000000011
1110000000001111100000000011
1110000000001111100000000011
1110000000001111100000000011
1110000000001111100000000011
1110000000001111100000000011
1110000000001111100000000011
1110000000001111100000000011
1110000000001111100000000011
1110000000001111100000000011
0000000000000000000000000000
0000000000000000000000000000
0000000000000000000000000000
0000000000000000000000000000
0000000000000000000000000000
