0000000000000000000000000000
0000000000000000000000000000
0000000000011111110000010000
0000000011111111111111110000
0000000111110000000111110000
0000001111000000000011110000
0000011110000000000001110000
0000111100000000000000110000
0000111100000000000000010000
0001111000000000000000010000
0001111000000000000000000000
0001111000000000000000000000
0001111000000000000000000000
0001111000000000000000000000
0001111000000000000000000000
0001111000000000000000000000
0001111000000000000000000000
0001111000000000000000000000
0001111000000000000000000000
0001111100000000000000000000
0000111100000000000000000000
0000111110000000000000000000
0000011111000000000000010000
0000001111100000000000110000
0000000111111000000111000000
0000000001111111111110000000
0000000000001111110000000000
0000000000000000000000000000
