0000000000000000000000000000
0000000000000000000000000000
0000000000000000000000000000
0000000000000000000000000000
0000000000000111100000000000
0000000000001111111000000000
0000000000111111111100000000
0000000011100000000110000000
0000000011000000000011000000
0000000010000000000011000000
0000000110000000000000000000
0000000100000000000000000000
0000000100000000000000000000
0000000100000000000000000000
0000000100000000000000000000
0000000110000000000001000000
0000000011000000000011000000
0000000011000000000110000000
0000000001110000011110000000
0000000000111111111000000000
0000000000000111100000000000
0000000000000000000000000000
0000000000000000000000000000
0000000000000000000000000000
0000000000000000000000000000
0000000000000000000000000000
0000000000000000000000000000
0000000000000000000000000000
