0000000000000000000000000000
0000000000000000000000000000
0011111111110001111111111000
0000111110000000001111000000
0000011110000000001110000000
0000011100000000011100000000
0000011100000000111000000000
0000011100000000110000000000
0000011100000001100000000000
0000011100000011000000000000
0000011100001110000000000000
0000011100011100000000000000
0000011100111000000000000000
0000011111111000000000000000
0000011111111100000000000000
0000011100111110000000000000
0000011100011111000000000000
0000011100001111100000000000
0000011100000111110000000000
0000011100000011110000000000
0000011100000001111000000000
0000011100000000111100000000
0000011100000000111110000000
0000011100000000011111000000
0000011110000000001111110000
0001111111000000001111111000
0011111111110000111111111110
0000000000000000000000000000
