0000000000000000000000000000
0000000000000000000000000000
0000000000000000000000000000
0000000000000000000000000000
0000000000000000000000000000
0000000111111110000111100000
0000000111111100000111000000
0000000011111100000010000000
0000000001111100000100000000
0000000001111110000000000000
0000000000111111000000000000
0000000000111111000000000000
0000000000011111100000000000
0000000000001111100000000000
0000000000001111100000000000
0000000000001111100000000000
0000000000001111100000000000
0000000000001111100000000000
0000000000001111110000000000
0000000000111111111000000000
0000000000000000000000000000
0000000000000000000000000000
0000000000000000000000000000
0000000000000000000000000000
0000000000000000000000000000
0000000000000000000000000000
0000000000000000000000000000
0000000000000000000000000000
