0000000000000000000000000000
0000000000000000000000000000
0000000000110000000000000000
0000001111110000000000000000
0000000011110000000000000000
0000000001110000000000000000
0000000001110000000000000000
0000000001110000000000000000
0000000001110000000000000000
0000000001110000000000000000
0000000001110011111100000000
0000000001110111111110000000
0000000001110000001111000000
0000000001110000000111000000
0000000001110000000111100000
0000000001110000000011100000
0000000001110000000011100000
0000000001110000000011100000
0000000001110000000011100000
0000000001110000000011100000
0000000001110000000011100000
0000000001110000000011000000
0000000001110000000111000000
0000000001110000000110000000
0000000001111000011100000000
0000000000111111111000000000
0000000000001111100000000000
0000000000000000000000000000
