0000000000000000000000000000
0000000000000000000000000000
0000000000000000000000000000
0000000000000000000000000000
0000000000000000000000000000
0000000011100000000000000000
0000000011100000000000000000
0000000011100000000000000000
0000000011100000000000000000
0000000011100011110000000000
0000000011100111111000000000
0000000011111000001100000000
0000000011100000000110000000
0000000011100000000011000000
0000000011100000000011000000
0000000011100000000011000000
0000000011100000000011000000
0000000011100000000111000000
0000000011100000001110000000
0000000011110000001100000000
0000000011111111110000000000
0000000000000000000000000000
0000000000000000000000000000
0000000000000000000000000000
0000000000000000000000000000
0000000000000000000000000000
0000000000000000000000000000
0000000000000000000000000000
