0000000000000000000000000000
0000000000000000000000000000
0000000000000000000000000000
0000000000000000000000000000
0000000000000000000000000000
0000000000000000000000000000
0000000000000000000000000000
0000000000000000000000000000
0000000000000000000000000000
0000000000001111000110000000
0000000000011111110110000000
0000000001100000011110000000
0000000011000000000110000000
0000000011000000000110000000
0000000010000000000110000000
0000000010000000000110000000
0000000010000000000110000000
0000000011000000000110000000
0000000011100000001110000000
0000000001100000111110000000
0000000000011111100110000000
0000000000000000001110000000
0000000000000000001100000000
0000000011000000001100000000
0000000011100000011000000000
0000000000111111110000000000
0000000000000000000000000000
0000000000000000000000000000
