0000000000000000000000000000
0000000000000000000000000000
0000000000000000000000000000
0000000000000000000000000000
0000000000000000000000000000
0000000000000000000000000000
0000000000000000000000000000
0000000000000001111100000000
0000001111111111111111111111
0001111111111111111111111111
0001111111110000000000011111
1111111110000000000000000000
1111111110000000000000000000
1111111110000000000000000000
1111111110000000000000000000
1111110000000000000000000000
1111110000000000000000000000
1111111110000000000000000000
1111111110000000000000000000
1111111111110000000000000011
0001111111111110000011111111
0001111111111111111111111111
0000000001111111111111111100
0000000000000000000000000000
0000000000000000000000000000
0000000000000000000000000000
0000000000000000000000000000
0000000000000000000000000000
