0000000000000000000000000000
0000000000000000000000000000
0000000000111111000000000000
0000001111111111111100000000
0000011111111111111111000000
0001111110000000011111100000
0001111100000000000111110000
0011110000000000000011110000
0011110000000000000011110000
0011110000000000000011110000
0011100000000000000000110000
1111100000000000000000110000
1111100000000000000000110000
1111100000000000000000110000
1111100000000000000000110000
0011100000000000000000110000
0011110000000000000011110000
0011110000000000000011110000
0011111100000000000111110000
0001111110000000011111100000
0001111111000001111111100000
0000011111111111111111110000
0000000011111111100111111100
0000000000000000000000111111
0000000000000000000000011111
0000000000000000000000000011
0000000000000000000000000000
0000000000000000000000000000
