0000000000000000000000000000
0000000000000000000000000000
0000000000000000000000000000
0000000000000000000000000000
0000000000000000000000000000
0000000000000000000000000000
0000000000000000000000000000
0000000000000000000000000000
0000000000000000000000000000
0000000011100000000110000000
0000000011100000000110000000
0000000011100000000110000000
0000000011100000000110000000
0000000011100000000110000000
0000000011100000000110000000
0000000011100000000110000000
0000000011100000000110000000
0000000011100000000110000000
0000000001100000001110000000
0000000001100000111110000000
0000000000011111000110000000
0000000000000000000000000000
0000000000000000000000000000
0000000000000000000000000000
0000000000000000000000000000
0000000000000000000000000000
0000000000000000000000000000
0000000000000000000000000000
