0000000000000000000000000000
0000000000000000000000000000
0000000000000000000000000000
0000000000000000000000000000
0000000000000000000000000000
0000000000000000000000000000
0000000000000000000000000000
0000000000001111111000000000
1111100011111111111111110000
1111111111111111111111111100
1111111111000000000111111100
1111111100000000000000111111
1111100000000000000000111111
1111100000000000000000111111
1111100000000000000000111111
1111100000000000000000111111
1111100000000000000000111111
1111100000000000000000111111
1111111100000000000000111111
1111111111000000000111111100
1111111111110000011111111100
1111111111111111111111110000
1111100000111111111111000000
1111100000000000000000000000
1111100000000000000000000000
1111100000000000000000000000
1111100000000000000000000000
1111100000000000000000000000
