0000000000000000000000000000
0000000000000000000000000000
0000000000000000000000000000
0000000000000000000000000000
0000000000000111000000000000
0000000000000111000000000000
0000000000001101100000000000
0000000000001101100000000000
0000000000001000100000000000
0000000000011000010000000000
0000000000010000011000000000
0000000000110000011000000000
0000000000100000001000000000
0000000000100000001100000000
0000000001111111111100000000
0000000011111111111110000000
0000000011000000000111000000
0000000011000000000011000000
0000000110000000000011000000
0000000100000000000001100000
0000001100000000000000110000
0000000000000000000000000000
0000000000000000000000000000
0000000000000000000000000000
0000000000000000000000000000
0000000000000000000000000000
0000000000000000000000000000
0000000000000000000000000000
