0000000000000000000000000000
0000000000000000000000000000
0000000000000000000000000000
0000000000001111111000000000
0000000000111111111000000000
0000000000111111111000000000
0000000000111111111100000000
0000000001111101111100000000
0000000001111100011111000000
0000000001110000011111000000
0000000111110000011111000000
0000000111110000000111110000
0000011111000000000111110000
0000011111000000000111110000
0000011111000000000111110000
0000011111000000000111111000
0000111111111111111111111000
0000111111111111111111111000
0000111110000000000000111110
0011111000000000000000111110
0011111000000000000000111110
0011111000000000000000001111
1111100000000000000000001111
0000000000000000000000000000
0000000000000000000000000000
0000000000000000000000000000
0000000000000000000000000000
0000000000000000000000000000
