0000000000000000000000000000
0000000000000000000000000000
0000111111111111111000000000
0000001111111111111110000000
0000000111100000011111000000
0000000111100000001111100000
0000000111100000000111100000
0000000111100000000111100000
0000000111100000000011100000
0000000111100000000011100000
0000000111100000000111100000
0000000111100000000111000000
0000000111100000001110000000
0000000111100000111000000000
0000000111111111111110000000
0000000111111111111111100000
0000000111100000001111100000
0000000111100000000111110000
0000000111100000000011110000
0000000111100000000011111000
0000000111100000000011111000
0000000111100000000011110000
0000000111100000000011110000
0000000111100000000111110000
0000000111110000011111100000
0000001111111111111110000000
0000111111111111110000000000
0000000000000000000000000000
