0000000000000000000000000000
0000000000000000000000000000
0000000000001111111000000000
0000000011111111111111111100
0000011111111111111111111100
0001111111110000000000111100
0001111111000000000000000000
0001111111000000000000000000
0001111111000000000000000000
0001111111110000000000000000
0000011111111111100000000000
0000000011111111111111000000
0000000000111111111111111100
0000000000000001111111111111
0000000000000001111111111111
0000000000000000000111111111
0000000000000000000000111111
0000000000000000000000111111
0000000000000000000000111111
0001100000000000000000111111
1111111111000000011111111111
0001111111111111111111111100
0000011111111111111111000000
0000000000000000000000000000
0000000000000000000000000000
0000000000000000000000000000
0000000000000000000000000000
0000000000000000000000000000
