0000000000000000000000000000
0000000000000000000000000000
0000000000000000000000000000
0000000000000000000000000000
0000000000000000000000000000
0000000000000000000000000000
0000000000000000000000000000
0000000000000000000000000000
1111111100000000000000111111
1111111100000000000000111111
1111111100000000000000111111
1111111100000000000000111111
1111111100000000000000111111
1111111100000000000000111111
1111111100000000000000111111
1111111100000000000000111111
1111111100000000000000111111
1111111100000000000000111111
1111111100000000000000111111
1111111100000000000111111111
0001111111000001111111111111
0001111111111111111111111111
0000011111111111100000111111
0000000000000000000000000000
0000000000000000000000000000
0000000000000000000000000000
0000000000000000000000000000
0000000000000000000000000000
