1111111100000000000000000000
1111111100000000000000000000
1111111100000000000000000000
1111111100000000000000000000
1111111100000000000000000000
1111111100000000000000000000
1111111100000000000000000000
1111111100000001111000000000
1111111100111111111111110000
1111111111111111111111111100
1111111111110000000111111100
1111111111000000000000111111
1111111100000000000000111111
1111111100000000000000111111
1111111100000000000000111111
1111111100000000000000111111
1111111100000000000000111111
1111111100000000000000111111
1111111100000000000000111111
1111111100000000000000111111
1111111100000000000000111111
1111111100000000000000111111
1111111100000000000000111111
0000000000000000000000000000
0000000000000000000000000000
0000000000000000000000000000
0000000000000000000000000000
0000000000000000000000000000
