0000000000000000000000000000
0000000000000000000000000000
0000000000000000000000000000
0000000000000000000000000000
0000000000000000000000000000
0000000011111100000111100000
0000000011111110000111000000
0000000001111110000011000000
0000000000111111000000000000
0000000000111111100000000000
0000000000011111100000000000
0000000001001111110000000000
0000000001000111111000000000
0000000001000011111100000000
0000000001000011111100000000
0000000001000001111110000000
0000000001000000111110000000
0000000001000000011110000000
0000000011000000011110000000
0000000011110000001110000000
0000000000000000000000000000
0000000000000000000000000000
0000000000000000000000000000
0000000000000000000000000000
0000000000000000000000000000
0000000000000000000000000000
0000000000000000000000000000
0000000000000000000000000000
