0000000000000000000000000000
0000000000000000000000000000
0000000000000000000000000000
1111111111000000000000011111
1111111111000000000000011111
1111111111110000000000011111
1111111111110000000000011111
1111110011111100000000011111
1111110011111110000000011111
1111110000111110000000011111
1111110000111111100000011111
1111110000001111100000011111
1111110000001111111000011111
1111110000000011111000011111
1111110000000011111000011111
1111110000000001111110011111
1111110000000001111110011111
1111110000000000011111111111
1111110000000000011111111111
1111110000000000000111111111
1111110000000000000111111111
1111110000000000000001111111
1111110000000000000000011111
0000000000000000000000000000
0000000000000000000000000000
0000000000000000000000000000
0000000000000000000000000000
0000000000000000000000000000
