0000000000000000000000000000
0000000000000000000000000000
0000000000000000000000000000
0000000000000000000000000000
0000000000000000000000000000
0000000000000000000000000000
0000000000000000000000000000
0000000000000000000000000000
0000000000000000000000000000
0000000000000111100000000000
0000000000111111111000000000
0000000001100000001110000000
0000000011000000000110000000
0000000010000000000011000000
0000000011111111111111000000
0000000010000000000000000000
0000000011000000000000000000
0000000011000000000000000000
0000000001100000000110000000
0000000000111111111100000000
0000000000000111100000000000
0000000000000000000000000000
0000000000000000000000000000
0000000000000000000000000000
0000000000000000000000000000
0000000000000000000000000000
0000000000000000000000000000
0000000000000000000000000000
