0000000000000000000000000000
0000000000000000000000000000
0000000000000000000000000000
0000000000000000000000000000
0000001100000000000000100000
0000000100000000000000100000
0000000110000000000001000000
0000000011000000000011000000
0000000011000000000011000000
0000000011000000000110000000
0000000001000000000110000000
0000000000100000000100000000
0000000000110000001000000000
0000000000110000001000000000
0000000000010000011000000000
0000000000010000010000000000
0000000000001000100000000000
0000000000001000100000000000
0000000000001101100000000000
0000000000000111000000000000
0000000000000011000000000000
0000000000000000000000000000
0000000000000000000000000000
0000000000000000000000000000
0000000000000000000000000000
0000000000000000000000000000
0000000000000000000000000000
0000000000000000000000000000
