0000000000000000000000000000
0000000000000000000000000000
0000000000000000000000000000
0000000000000000000000000000
0000000000000000000000000000
0000000000000000000000000000
0000000000000000000000000000
0011111100011111110000111100
0001111000001111000000011000
0001111000000111000000011000
0000111000000111000000011000
0000111000000011100000010000
0000011100000011100000110000
0000011100000111100000100000
0000011100000101110000100000
0000001110001101110001100000
0000001110001000110001000000
0000000111011000111011000000
0000000111010000111010000000
0000000111110000011110000000
0000000011100000011100000000
0000000011100000001100000000
0000000001000000001100000000
0000000001000000001000000000
0000000000000000000000000000
0000000000000000000000000000
0000000000000000000000000000
0000000000000000000000000000
