0000000000000000000000000000
0000000000000000000000000000
0000000000000000000000000000
0000000000000000000000000000
0000000000000000000000000000
0000000000000000000000000000
0000000000011111100000000000
0000000001111111111000000000
0000000011100000111100000000
0000000011000000111100000000
0000000111000000011000000000
0000000110000000000000000000
0000001110000000000000000000
0000001110000000000000000000
0000001110000000000000000000
0000001110000000000000000000
0000001110000000000000000000
0000000111000000000000000000
0000000111000000000100000000
0000000111100000001000000000
0000000011111000110000000000
0000000001111111100000000000
0000000000011110000000000000
0000000000000000000000000000
0000000000000000000000000000
0000000000000000000000000000
0000000000000000000000000000
0000000000000000000000000000
