0000000000000000000000001111
0000000000000000000000001111
0000000000000000000000001111
0000000000000000000000001111
0000000000000000000000001111
0000000000000000000000001111
0000000000000000000000001111
0000000000111111100000001111
0000011111111111111111111111
0001111111111111111111111111
0001111111000000000111111111
1111111100000000000000111111
1111111100000000000000001111
1111111100000000000000001111
1111111100000000000000001111
1111111100000000000000001111
1111111100000000000000001111
1111111100000000000000001111
1111111100000000000000111111
1111111111000000000111111111
0001111111110000011111111111
0001111111111111111111111111
0000000011111111111000001111
0000000000000000000000000000
0000000000000000000000000000
0000000000000000000000000000
0000000000000000000000000000
0000000000000000000000000000
