0000000000000000000000000000
0000000000000000000000000000
0000000000000000000000000000
0000000000000000000000000000
0000000000000000000000000000
0000000000000000000000000000
0000000000000000000000000000
0000000000111111110000000000
0000001111111111111111000000
0000111111111111111111110000
0011111111000000001111111100
0011111100000000000011111100
1111110000000000000000111100
1111110000000000000000111111
1111110000000000000000111111
1111110000000000000000111111
1111110000000000000000111111
1111110000000000000000111100
1111111100000000000011111100
0011111100000000000011111100
0011111111000000111111110000
0000111111111111111111110000
0000001111111111111100000000
0000000000000000000000000000
0000000000000000000000000000
0000000000000000000000000000
0000000000000000000000000000
0000000000000000000000000000
