0000000000000000000000000000
0000000000000000000000000000
0000000001111111111100000000
0000000000001111100000000000
0000000000000111100000000000
0000000000000111000000000000
0000000000000111000000000000
0000000000000111000000000000
0000000000000111000000000000
0000000000000111000000000000
0000000000000111000000000000
0000000000000111000000000000
0000000000000111000000000000
0000000000000111000000000000
0000000000000111000000000000
0000000000000111000000000000
0000000000000111000000000000
0000000000000111000000000000
0000000000000111000000000000
0000000000000111000000000000
0000000000000111000000000000
0000000000000111000000000000
0000000000000111000000000000
0000000111001111000000000000
0000000111101110000000000000
0000000111111100000000000000
0000000001110000000000000000
0000000000000000000000000000
