0000000000000000000000000000
0000000000000000000000000000
0000000000000000000000000000
0000000000000000000000000000
0000000000000000001100000000
0000000000000000001100000000
0000000000000000001100000000
0000000000000000001100000000
0000000000000000001100000000
0000000000000000001100000000
0000000000000000001100000000
0000000000000000001100000000
0000000000000000001100000000
0000000000000000001100000000
0000000000000000001100000000
0000000000000000001100000000
0000000011000000001100000000
0000000011000000001100000000
0000000001110000011000000000
0000000000111111110000000000
0000000000001111000000000000
0000000000000000000000000000
0000000000000000000000000000
0000000000000000000000000000
0000000000000000000000000000
0000000000000000000000000000
0000000000000000000000000000
0000000000000000000000000000
