0000000000000000000000000000
0000000000000000000000000000
0000000000000000000000000000
0000000000000000000000000000
0000000000000000000000000000
0000000000001111111111000000
0000000000000011111100000000
0000000000000011111100000000
0000000000000011111100000000
0000000000000011111100000000
0000000000000011111100000000
0000000000000011111100000000
0000000000000011111100000000
0000000000000011111100000000
0000000000000011111100000000
0000000011110011111100000000
0000000111110011111100000000
0000000111110011111100000000
0000000010000011111000000000
0000000001100111000000000000
0000000000000000000000000000
0000000000000000000000000000
0000000000000000000000000000
0000000000000000000000000000
0000000000000000000000000000
0000000000000000000000000000
0000000000000000000000000000
0000000000000000000000000000
