0000000000000000000000000000
0000000000000000000000000000
0000000000000000000000000000
0000000000000000000000000000
0000000000000000000000000000
0000000000000111100000000000
0000000000111111111000000000
0000000001100000000110000000
0000000011000000000011000000
0000000010000000000001000000
0000000110000000000000000000
0000000100000000000000000000
0000000100000000000000000000
0000000100000000000000000000
0000000100000000000000000000
0000000110000000000000000000
0000000010000000000011000000
0000000011000000000010000000
0000000001100000000110000000
0000000000110000011110000000
0000000000011111111000000000
0000000000000000000000000000
0000000000000000000000000000
0000000000000000000000000000
0000000000000000000000000000
0000000000000000000000000000
0000000000000000000000000000
0000000000000000000000000000
