0000000000000000000000000000
0000000000000000000000000000
0111111111100000000111111100
0001111100000000000001110000
0000111100000000000001110000
0000111100000000000001100000
0000011110000000000001100000
0000011110000000000001000000
0000001111000000000011000000
0000001111000000000010000000
0000000111100000000110000000
0000000111100000000110000000
0000000011110000000100000000
0000000011110000001100000000
0000000011110000001000000000
0000000001111000011000000000
0000000001111000011000000000
0000000000111100110000000000
0000000000111100110000000000
0000000000011110100000000000
0000000000011111100000000000
0000000000001111100000000000
0000000000001111000000000000
0000000000000111000000000000
0000000000000110000000000000
0000000000000010000000000000
0000000000000000000000000000
0000000000000000000000000000
