0000000000000000000000000000
0000000000000000000000000000
0000000000000000000000000000
0000000000000000000000000000
0000000000000000000000000000
0000001100000000000000110000
0000000100000000000001100000
0000000010000000000011000000
0000000011000000000011000000
0000000011000000000110000000
0000000001000000000110000000
0000000001100000000100000000
0000000000100000001000000000
0000000000110000011000000000
0000000000110000011000000000
0000000000010000011000000000
0000000000001000010000000000
0000000000001100100000000000
0000000000001101100000000000
0000000000000111100000000000
0000000000000011000000000000
0000000000000000000000000000
0000000000000000000000000000
0000000000000000000000000000
0000000000000000000000000000
0000000000000000000000000000
0000000000000000000000000000
0000000000000000000000000000
