0000000000000000000000000000
0000000000000000000000000000
0000000000000000000000000000
0000000000000000000000000000
0000000000000000000000000000
0000000111111110001111100000
0000000011111100000110000000
0000000011111100000000000000
0000000001111100000000000000
0000000001111110000100000000
0000000001111110000000000000
0000000001111110001000000000
0000000000111111000000000000
0000000000011111000000000000
0000000000011111000000000000
0000000000011111100000000000
0000000000001111100000000000
0000000000001111100000000000
0000000000001111000000000000
0000000000000111000000000000
0000000000000000000000000000
0000000000000000000000000000
0000000000000000000000000000
0000000000000000000000000000
0000000000000000000000000000
0000000000000000000000000000
0000000000000000000000000000
0000000000000000000000000000
