0000000000000000000000000000
0000000000000000000000000000
0000000000000000000000000000
0000000000000000000000000000
0000000011000000000000000000
0000000011000000000000000000
0000000011000000000000000000
0000000011000000000000000000
0000000011000000000000000000
0000000011000011100000000000
0000000011011111111000000000
0000000011100000001110000000
0000000011100000000110000000
0000000011100000000011000000
0000000011000000000011000000
0000000011000000000011000000
0000000011000000000011000000
0000000011100000000110000000
0000000011100000001110000000
0000000011011111111000000000
0000000011000011100000000000
0000000000000000000000000000
0000000000000000000000000000
0000000000000000000000000000
0000000000000000000000000000
0000000000000000000000000000
0000000000000000000000000000
0000000000000000000000000000
