0000000000000000000000000000
0000000000000000000000000000
0000000000000000000000000000
0000000000000000000000000000
0000000011100000000000000000
0000000011100000000000000000
0000000011100000000000000000
0000000011100000000000000000
0000000011100000000000000000
0000000011100011110000000000
0000000011111111111100000000
0000000011100000001100000000
0000000011100000000110000000
0000000011100000000110000000
0000000011100000000110000000
0000000011100000000110000000
0000000011100000000110000000
0000000011100000000110000000
0000000011100000000110000000
0000000011100000000110000000
0000000011100000000110000000
0000000000000000000000000000
0000000000000000000000000000
0000000000000000000000000000
0000000000000000000000000000
0000000000000000000000000000
0000000000000000000000000000
0000000000000000000000000000
