0000000000000000000000000000
0000000000000000000000000000
0000000001100000000000000000
0000011111100000000000000000
0000000111100000000000000000
0000000011100000000000000000
0000000011100000000000000000
0000000011100000000000000000
0000000011100000000000000000
0000000011100000000000000000
0000000011100111111000000000
0000000011101111111100000000
0000000011110000011100000000
0000000011100000011100000000
0000000011100000011100000000
0000000011100000011100000000
0000000011100000011100000000
0000000011100000011100000000
0000000011100000011100000000
0000000011100000011100000000
0000000011100000011100000000
0000000011100000011100000000
0000000011100000011100000000
0000000011100000011100000000
0000000111100000011110000000
0000001111110000111111000000
0000011111111001111111100000
0000000000000000000000000000
