0000000000000000000000000000
0000000000000000000000000000
0000000000011111100000000000
0000000000111111111000000000
0000000001110001111111000000
0000000011100000111111000000
0000000011100000011100000000
0000000011100000011100000000
0000000011100000011100000000
0000000011100000011100000000
0000000011100000011100000000
0000000001110000011000000000
0000000000011000110000000000
0000000000111111000000000000
0000000001100000000000000000
0000000011000000000000000000
0000000011000000000000000000
0000000011100000000000000000
0000000001111111111100000000
0000000001000111111111000000
0000000010000000000011000000
0000000110000000000001000000
0000001110000000000001000000
0000001110000000000010000000
0000000111100000011100000000
0000000011111111110000000000
0000000000111110000000000000
0000000000000000000000000000
