0000000000000000000000000000
0000000000000000000000000000
0000000000000000000000000000
0000000000000000000000000000
0000000000000000000000000000
0000010000000111000000010000
0000010000000111000000010000
0000011000000101000000100000
0000001000000001000000100000
0000001100001000100000100000
0000001100001000100000100000
0000001100001000100001000000
0000000100001000100001000000
0000000100010000010011000000
0000000010010000010011000000
0000000010010000010011000000
0000000010010000010010000000
0000000010100000001000000000
0000000001100000001100000000
0000000001100000001100000000
0000000001100000001100000000
0000000000000000000000000000
0000000000000000000000000000
0000000000000000000000000000
0000000000000000000000000000
0000000000000000000000000000
0000000000000000000000000000
0000000000000000000000000000
