0000000000000000000000000000
0000000000000000000000000000
0000000000000000000000000000
0000000000000000000000000000
0000000000000000000000000000
0000001111110001100011100000
0000001111100001100001100000
0000001111100001100001000000
0000000111100011110000000000
0000000111110011110000000000
0000000011110011110000000000
0000000011110011110010000000
0000000011110001111000000000
0000000011111001111000000000
0000000001111001111100000000
0000000001111001111100000000
0000000001111001111000000000
0000000001110000111000000000
0000000000110000110000000000
0000000000110000010000000000
0000000000000000000000000000
0000000000000000000000000000
0000000000000000000000000000
0000000000000000000000000000
0000000000000000000000000000
0000000000000000000000000000
0000000000000000000000000000
0000000000000000000000000000
