0000000000000000000000000000
0000000000000000000000000000
0000000000000000000000000000
1111000000000111000000000111
1111000000001111000000000111
1111000000001111100000000110
0011100000001111100000001110
0011100000001111100000001110
0011100000011111100000001110
0001100000011101110000011100
0001110000011001110000011100
0001110000011001110000011100
0001110001111000110000011000
0000111001111000111100111000
0000111001111000111100111000
0000111001110000111100111000
0000111001110000111100111000
0000011011110000011110110000
0000011111110000011111110000
0000011111100000011111110000
0000011111100000001111100000
0000001111100000001111100000
0000001111100000001111100000
0000000000000000000000000000
0000000000000000000000000000
0000000000000000000000000000
0000000000000000000000000000
0000000000000000000000000000
