0000000000000000000000000000
0000000000000000000000000000
0000000000000000000000000000
0000000000000000000000000000
0000000000000000000000000000
0000000000000000000000000000
0000000000000000000000000000
0000000000011111000000000000
0000000111111111111100111111
0000011111111111111111111111
0001111111100000001111111111
0001111110000000000011111111
0001111000000000000000111111
1111111000000000000000111111
1111111000000000000000111111
1111111000000000000000111111
1111111000000000000000111111
1111111000000000000000111111
0001111110000000000000111111
0001111110000000000011111111
0001111111100000111111111111
0000011111111111111111111111
0000000111111111110000111111
0000000000000000000000111111
0000000000000000000000111111
0000000000000000000000111111
0000000000000000000000111111
0000000000000000000000111111
