0000000000000000000000000000
0000000000000000000000000000
0000000000000000000000000000
0000000000000000000000000000
0000000000000000000000000000
0000000000000000000000000000
0000000000000111000000000000
0000000000000111000000000000
0000000000000111000000000000
0000000000111111111100000000
0000000000111111111100000000
0000000000000111000000000000
0000000000000111000000000000
0000000000000111000000000000
0000000000000111000000000000
0000000000000111000000000000
0000000000000111000000000000
0000000000000111000000000000
0000000000000111000000000000
0000000000000111111100000000
0000000000000000111100000000
0000000000000000000000000000
0000000000000000000000000000
0000000000000000000000000000
0000000000000000000000000000
0000000000000000000000000000
0000000000000000000000000000
0000000000000000000000000000
