0000000000000000000000000000
0000000000000000000000000000
0000000000000001111100000000
0000000000000111111110000000
0000000000001110001110000000
0000000000001100000110000000
0000000000011100000000000000
0000000000011100000000000000
0000000000011100000000000000
0000000000011100000000000000
0000000011111111111000000000
0000000011111111111000000000
0000000000011100000000000000
0000000000011100000000000000
0000000000011100000000000000
0000000000011100000000000000
0000000000011100000000000000
0000000000011100000000000000
0000000000011100000000000000
0000000000011100000000000000
0000000000011100000000000000
0000000000011100000000000000
0000000000011100000000000000
0000000000011100000000000000
0000000000011110000000000000
0000000000111111000000000000
0000000011111111110000000000
0000000000000000000000000000
