0000000000000000000000000000
0000000000000000000000000000
0000000000000000000000000000
1111111111111111111111111111
1111111111111111111111111111
0000000000000000000111111111
0000000000000000000111111100
0000000000000000011111111100
0000000000000000011111110000
0000000000000001111111000000
0000000000001111111111000000
0000000000001111111000000000
0000000000111111111000000000
0000000000111111100000000000
0000000000111111100000000000
0000000011111110000000000000
0000011111111110000000000000
0000011111110000000000000000
0001111111000000000000000000
1111111111000000000000000000
1111111111000000000000000011
1111111111111111111111111111
1111111111111111111111111111
0000000000000000000000000000
0000000000000000000000000000
0000000000000000000000000000
0000000000000000000000000000
0000000000000000000000000000
