0000000000000000000000000000
0000000000000000000000000000
0000111111111111111111110000
0000111111111111111111110000
0000110000001111000000110000
0001100000001111000000010000
0001100000001111000000010000
0001000000001111000000000000
0000000000001111000000000000
0000000000001111000000000000
0000000000001111000000000000
0000000000001111000000000000
0000000000001111000000000000
0000000000001111000000000000
0000000000001111000000000000
0000000000001111000000000000
0000000000001111000000000000
0000000000001111000000000000
0000000000001111000000000000
0000000000001111000000000000
0000000000001111000000000000
0000000000001111000000000000
0000000000001111000000000000
0000000000001111000000000000
0000000000001111000000000000
0000000000011111100000000000
0000000001111111111000000000
0000000000000000000000000000
