0000000000000000000000000000
0000000000000000000000000000
0000000000000000000000000000
0000000000000000000000000000
0000000000000000000000000000
0000000000011000110000000000
0000000000111000011100000000
0000000001110000011110000000
0000000011110000011110000000
0000000011110000011111000000
0000000111110000011111000000
0000000111110000011111100000
0000000111110000011111100000
0000000111110000011111100000
0000000111110000011111100000
0000000111110000011111000000
0000000011110000011111000000
0000000011110000011110000000
0000000000111000011100000000
0000000000001000110000000000
0000000000000000000000000000
0000000000000000000000000000
0000000000000000000000000000
0000000000000000000000000000
0000000000000000000000000000
0000000000000000000000000000
0000000000000000000000000000
0000000000000000000000000000
