0000000000000000000000000000
0000000000000000000000000000
0000000000000000000000000000
0000000000000000000000000000
0000000000000000000000000000
0000000000000000000000000000
0000000000000000000000000000
0000000000000000000000000000
0000000000000000000000000000
0000000000000011110000000000
0000000000011111111110000000
0000000000110000000111000000
0000000001100000000001000000
0000000001100000000000000000
0000000011000000000000000000
0000000011000000000000000000
0000000001100000000001100000
0000000001100000000001100000
0000000000110000000111000000
0000000000011111111110000000
0000000000000111100000000000
0000000000000000000000000000
0000000000000000000000000000
0000000000000000000000000000
0000000000000000000000000000
0000000000000000000000000000
0000000000000000000000000000
0000000000000000000000000000
