0000000000000000000000000000
0000000000000000000000000000
0000000000000000000000000000
0000000000000000000000000000
0000000000000000000000000000
0000000000000000000000000000
0000000000000000000000000000
0000000000000000000000000000
0000000000000000000000000000
0000000000000111110000000000
0000000000001111111100000000
0000000000111000001111000000
0000000001110000000011000000
0000000011100000000000000000
0000000011000000000000000000
0000000011000000000000000000
0000000011000000000000000000
0000000001100000000011100000
0000000000110000000011000000
0000000000111000001111000000
0000000000001111111100000000
0000000000000000000000000000
0000000000000000000000000000
0000000000000000000000000000
0000000000000000000000000000
0000000000000000000000000000
0000000000000000000000000000
0000000000000000000000000000
