0000000000000000000000000000
0000000000000000000000000000
0000000000000000000000000000
0000000000000000000000000000
0000000000000000000000000000
0000000000000000000000000000
0000000000000000000000000000
0000000000000000000000000000
0000000000000000000000000000
0000000000001111110000000000
0000000000111111111100000000
0000000011100000001110000000
0000000000000000000110000000
0000000000000000001110000000
0000000000011111111110000000
0000000011110000000110000000
0000000011000000000110000000
0000000010000000001110000000
0000000011000000001110000000
0000000001111111110110000000
0000000000011110000011000000
0000000000000000000000000000
0000000000000000000000000000
0000000000000000000000000000
0000000000000000000000000000
0000000000000000000000000000
0000000000000000000000000000
0000000000000000000000000000
