0000000000000000000000000000
0000000000000000000000000000
0000000000000000000000000000
0000000000000000000000000000
0000000000000000000000000000
0000000000000000000000000000
0000000000000000000000000000
0000000000000111111110000000
0000001111111111111111111100
0001111111111111111111111111
0001111100000000000001111111
0000000000000000000000011111
0000000000000000000000011111
0000000000000000000001111111
0000000000000000000001111111
0000001111111111111111111111
0001111111111111000001111111
1111111111100000000000011111
1111111100000000000000011111
1111111100000000000001111111
1111111111100000001111111111
0001111111111111111111111111
0000001111111111111110011111
0000000000000000000000000000
0000000000000000000000000000
0000000000000000000000000000
0000000000000000000000000000
0000000000000000000000000000
