0000000000000000000000000000
0000000000000000000000000000
0000000000000000000000000000
0000000000000000000000000000
0000000000000000000000000000
0000000000000000000000000000
0000000000000000000000000000
0000000000000000000000000000
1111111000000000000000111111
1111111000000000000011111100
0001111110000000000011111100
0001111110000000000011111100
0001111110000000001111110000
0000011111100000001111110000
0000011111100000001111110000
0000011111100000001111110000
0000011111100000111111000000
0000000111111000111111000000
0000000111111000111111000000
0000000111111111111100000000
0000000001111111111100000000
0000000001111111110000000000
0000000000011111110000000000
0000000000000000000000000000
0000000000000000000000000000
0000000000000000000000000000
0000000000000000000000000000
0000000000000000000000000000
