0000000000000000000000000000
0000000000000000000000000000
0000000000000000000000000000
0000000000000000000000000000
0000000000000000000000000000
0000000000000000000000000000
0000000000011111100000000000
0000000001100001110000000000
0000000011100000111000000000
0000000011100000111000000000
0000000011100000111000000000
0000000001000000111000000000
0000000000000001111000000000
0000000000000110111000000000
0000000000011000111000000000
0000000001100000111000000000
0000000011100000111000000000
0000000111000000111000000000
0000000111000000111000000000
0000000111100000111000000000
0000000111110011111100000000
0000000011111110011111000000
0000000000111000001100000000
0000000000000000000000000000
0000000000000000000000000000
0000000000000000000000000000
0000000000000000000000000000
0000000000000000000000000000
