0000000000000000000000000000
0000000000000000000000000000
0111111111100000001111111100
0000111110000000000001110000
0000111100000000000001100000
0000111100000000000001100000
0000111100000000000001100000
0000111100000000000001100000
0000111100000000000001100000
0000111100000000000001100000
0000111100000000000001100000
0000111100000000000001100000
0000111100000000000001100000
0000111100000000000001100000
0000111100000000000001100000
0000111100000000000001100000
0000111100000000000001100000
0000011100000000000001100000
0000011100000000000001100000
0000011100000000000001100000
0000011100000000000001100000
0000011110000000000001000000
0000011110000000000011000000
0000001111000000000110000000
0000000111110000011100000000
0000000011111111111000000000
0000000000011111000000000000
0000000000000000000000000000
