0000000000000000000000000000
0000000000000000000000000000
0000000000000000000000000000
0000000000000000000000000000
0000000010000000000010000000
0000000010000000000010000000
0000000010000000000010000000
0000000010000000000010000000
0000000010000000000010000000
0000000010000000000010000000
0000000010000000000010000000
0000000010000000000010000000
0000000010000000000010000000
0000000010000000000010000000
0000000010000000000010000000
0000000010000000000010000000
0000000011000000000110000000
0000000011000000000110000000
0000000001110000011100000000
0000000000111111111000000000
0000000000001111100000000000
0000000000000000000000000000
0000000000000000000000000000
0000000000000000000000000000
0000000000000000000000000000
0000000000000000000000000000
0000000000000000000000000000
0000000000000000000000000000
