0000000000000000000000000000
0000000000000000000000000000
0000000000000000000000000000
0000000000000000000000000000
0000000000000000000000000000
0000000111111100001111000000
0000000011111000000110000000
0000000011111000000010000000
0000000011111000000000000000
0000000011111000000000000000
0000000011111000000000000000
0000000011111000000000000000
0000000011111000000000000000
0000000011111000000000000000
0000000011111000000000000000
0000000011111000000000000000
0000000011111000000000000000
0000000011111000000000000000
0000000001111000001000000000
0000000000011100010000000000
0000000000000000000000000000
0000000000000000000000000000
0000000000000000000000000000
0000000000000000000000000000
0000000000000000000000000000
0000000000000000000000000000
0000000000000000000000000000
0000000000000000000000000000
