0000000000000000000000000000
0000000000000000000000000000
0000000000000000000000000000
1111110000000000000000011111
1111110000000000000000011111
1111110000000000000000011111
1111110000000000000000011111
1111110000000000000000011111
1111110000000000000000011111
1111110000000000000000011111
1111110000000000000000011111
1111110000000000000000011111
1111110000000000000000011111
1111110000000000000000011111
1111110000000000000000011111
1111110000000000000000011111
1111110000000000000000011111
0011110000000000000000011111
0011111100000000000000011111
0011111111000000000001111110
0000111111110000011111111110
0000111111111111111111111000
0000000011111111111110000000
0000000000000000000000000000
0000000000000000000000000000
0000000000000000000000000000
0000000000000000000000000000
0000000000000000000000000000
