0000000000000000000000000000
0000000000000000000000000000
0011111111111000001111111100
0000111111000000000011110000
0000011111000000000011100000
0000001111000000000011000000
0000000111100000000110000000
0000000111100000001100000000
0000000011110000011000000000
0000000001111000010000000000
0000000001111000100000000000
0000000000111101100000000000
0000000000011111000000000000
0000000000011111000000000000
0000000000001111000000000000
0000000000001111100000000000
0000000000011111110000000000
0000000000110011110000000000
0000000001100001111000000000
0000000011000001111100000000
0000000011000000111100000000
0000000110000000011110000000
0000001100000000011111000000
0000011000000000001111100000
0000111000000000001111110000
0001111100000000001111111000
0111111111000000111111111110
0000000000000000000000000000
