0000000000000000000000000000
0000000000000000000000000000
0000000000111111001000000000
0000000011100001111000000000
0000000110000000111000000000
0000001110000000111000000000
0000001100000000111000000000
0000011100000000111000000000
0000011100000000111000000000
0000011100000000111000000000
0000011100000000111000000000
0000011100000000111000000000
0000011100000000111000000000
0000011110000000111000000000
0000011110000000111000000000
0000001111000000111000000000
0000001111100011111000000000
0000000111111110111000000000
0000000001111000111000000000
0000000000000000111000000000
0000000000000000111000000000
0000000000000000111000000000
0000000000000000111000000000
0000000000000000111000000000
0000000000000000111100000000
0000000000000001111110000000
0000000000000111111111000000
0000000000000000000000000000
