0000000000000000000000000000
0000000000000000000000000000
0000000000000000000000000000
0000000000000000000000000000
0000000000000000000000000000
0000000000000000000000000000
0000000000000000000000000000
0000000000000000000000000000
0000000000000000000000000000
0000000000001110000110000000
0000000000111111110110000000
0000000011100000001110000000
0000000011000000001110000000
0000000011000000000110000000
0000000010000000000110000000
0000000010000000000110000000
0000000011000000000110000000
0000000011000000001110000000
0000000001100000001110000000
0000000000111111110110000000
0000000000001110000110000000
0000000000000000000110000000
0000000000000000000110000000
0000000000000000000110000000
0000000000000000000110000000
0000000000000000000110000000
0000000000000000000000000000
0000000000000000000000000000
