0000000000000000000000000000
0000000000000000000000000000
0000000000000000000000000000
0000000000000000000000000000
0000000000000000000000000000
0000000000000000000000000000
0000000000011111110000000000
0000000001111111111000000000
0000000011100000111100000000
0000000111000000011110000000
0000000111000000001111000000
0000000111000000001111000000
0000001110000000000111000000
0000001110000000000111000000
0000001111000000000111000000
0000001111000000000111000000
0000001111000000000111000000
0000000111000000000111000000
0000000111100000001110000000
0000000011110000001100000000
0000000001111000111100000000
0000000000111111110000000000
0000000000001111000000000000
0000000000000000000000000000
0000000000000000000000000000
0000000000000000000000000000
0000000000000000000000000000
0000000000000000000000000000
