0000000000000000000000000000
0000000000000000000000000000
0000000000000000000000000000
0000000000000000000000000000
0000000001111111111111000000
0000000001111111111111000000
0000000001111111111111000000
0000000001000000000000000000
0000000001000000000000000000
0000000001000000000000000000
0000000001000000000000000000
0000000001111111111100000000
0000000001111111111100000000
0000000001111111111100000000
0000000001000000000000000000
0000000001000000000000000000
0000000001000000000000000000
0000000001000000000000000000
0000000001000000000000000000
0000000001000000000000000000
0000000001000000000000000000
0000000000000000000000000000
0000000000000000000000000000
0000000000000000000000000000
0000000000000000000000000000
0000000000000000000000000000
0000000000000000000000000000
0000000000000000000000000000
