0000000000000000000000000000
0000000000000000000000000000
0000000000000000000000000000
0000000000000000000000000000
0000000000000000000000000000
0000000011111110001111000000
0000000001111110001111000000
0000000001111110000011000000
0000000001111110000000000000
0000000001111110000000000000
0000000001111110000100000000
0000000001111110001100000000
0000000001111110001100000000
0000000001111110001100000000
0000000001111110000100000000
0000000001111110000100000000
0000000001111110000000000000
0000000001111110000000000000
0000000001111110000000000000
0000000011111111100000000000
0000000000000000000000000000
0000000000000000000000000000
0000000000000000000000000000
0000000000000000000000000000
0000000000000000000000000000
0000000000000000000000000000
0000000000000000000000000000
0000000000000000000000000000
