0000000000000000000000000000
0000000000000000000000000000
0000000000000000000000000000
0000000000000000000000000000
0000000000000000000000000000
0000000000000111100000000000
0000000000000111100000000000
0000000000000000000000000000
0000000000000000000000000000
0000000000000111100000000000
0000000000000111100000000000
0000000000000111100000000000
0000000000000111100000000000
0000000000000111100000000000
0000000000000111100000000000
0000000000000111100000000000
0000000000000111100000000000
0000000000000111100000000000
0000000000000111100000000000
0000000000000111100000000000
0000000000000111100000000000
0000000000000111100000000000
0000000000000111100000000000
0000000000000111000000000000
0000000000000111000000000000
0000000011111110000000000000
0000000000000000000000000000
0000000000000000000000000000
