0000000000000000000000000000
0000000000000000000000000000
0000000000000001111111111111
0000000000000001111111111111
0000000000000001111111111111
0000000000000000000000000000
0000000000000000000000000000
0000000000000000000000000000
0000000000000001111111111111
0000000000000001111111110000
0000000000000001111111110000
0000000000000001111111110000
0000000000000001111111110000
0000000000000001111111110000
0000000000000001111111110000
0000000000000001111111110000
0000000000000001111111110000
0000000000000001111111110000
0000000000000001111111110000
0000000000000001111111110000
0000000000000001111111110000
0000000000000001111111110000
0000000000000001111111110000
0000000000000001111111110000
0000000000000001111111110000
0000000000111111111111110000
1111111111111111111111110000
1111111111111111111000000000
