0000000000000000000000000000
0000000000000000000000000000
0011111111111111100000000000
0000111111111111111100000000
0000011110000001111110000000
0000011100000000001111100000
0000011100000000000111110000
0000011100000000000011110000
0000011100000000000001111000
0000011100000000000001111000
0000011100000000000001111100
0000011100000000000000111100
0000011100000000000000111100
0000011100000000000000111100
0000011100000000000000111100
0000011100000000000000111100
0000011100000000000000111100
0000011100000000000000111100
0000011100000000000000111000
0000011100000000000001111000
0000011100000000000001111000
0000011100000000000011110000
0000011100000000000111100000
0000011110000000001111000000
0000011110000000111110000000
0001111111111111111000000000
0011111111111110000000000000
0000000000000000000000000000
