0000000000000000000000000000
0000000000000000000000000000
0000111111111111111111100000
0000001111111111111111100000
0000000111100000000001100000
0000000111100000000000100000
0000000111100000000000100000
0000000111100000000000000000
0000000111100000000000000000
0000000111100000000000000000
0000000111100000000000000000
0000000111100000000010000000
0000000111100000000010000000
0000000111100000001110000000
0000000111111111111110000000
0000000111111111111110000000
0000000111100000000110000000
0000000111100000000010000000
0000000111100000000010000000
0000000111100000000000000000
0000000111100000000000000000
0000000111100000000000000000
0000000111100000000000000000
0000000111100000000000000000
0000000111100000000000000000
0000001111110000000000000000
0000111111111100000000000000
0000000000000000000000000000
