0000000000000000000000000000
0000000000000000000000000000
1111110001111111110000011111
0111000000011111000000000110
0111000000011110000000000110
0011000000001111000000000110
0011000000001111000000001110
0011100000000111000000001110
0011100000000111100000001100
0001110000000111100000001100
0001110000000111110000011100
0001110000000111110000011100
0000111000001111110000011000
0000111000001101111000111000
0000111000011001111000111000
0000011100011000111100110000
0000011100010000111100110000
0000011110110000111100110000
0000001110110000011110110000
0000001111100000011111100000
0000000111100000001111100000
0000000111100000001111000000
0000000111000000001111000000
0000000011000000000111000000
0000000011000000000110000000
0000000000000000000110000000
0000000000000000000000000000
0000000000000000000000000000
