0000000000000000000000000000
0000000000000000000000000000
0000000000000000000000000000
0000000000000000000000000000
0000000000000000000000000000
0000000110000000000011000000
0000000111000000000111000000
0000000101100000000101000000
0000000101100000001101000000
0000000100100000001001000000
0000000100100000001001000000
0000000100010000010001000000
0000000100010000010001000000
0000000100010000010001000000
0000000100000000010001000000
0000000100001000100001000000
0000000100001100100001000000
0000000100000101100001000000
0000000100000111000001000000
0000000100000011000001000000
0000000100000010000001000000
0000000000000000000000000000
0000000000000000000000000000
0000000000000000000000000000
0000000000000000000000000000
0000000000000000000000000000
0000000000000000000000000000
0000000000000000000000000000
