0000000000000000000000000000
0000000000000000000000000000
0000000000000000000000000000
0000000000000000000000000000
0000000000000000000000000000
0000001111110000011111100000
0000000111110000011111000000
0000000011110000011111000000
0000000011111000011111000000
0000000001111100011111000000
0000000001111100011111000000
0000000001111110011111000000
0000000000111110011111000000
0000000010111110011111000000
0000000010111100011111000000
0000000010011100011111000000
0000000010011100011111000000
0000000010001000011111000000
0000000110001000011111000000
0000001111000000111111100000
0000000000000000000000000000
0000000000000000000000000000
0000000000000000000000000000
0000000000000000000000000000
0000000000000000000000000000
0000000000000000000000000000
0000000000000000000000000000
0000000000000000000000000000
