0000000000000000000000000000
0000000000000000000000000000
0000000000000000000000000000
0000000000000000000000000000
0000000000000000000000000000
0000000000000000000000000000
0000000000000000000000000000
0000000000000000000000000000
0000000000000000000000000000
0000000011111111111111000000
0000000011111111111111000000
0000000000000000001110000000
0000000000000000011100000000
0000000000000000110000000000
0000000000000001100000000000
0000000000000111000000000000
0000000000001110000000000000
0000000000011000000000000000
0000000001110000000000000000
0000000011100000000000000000
0000000011111111111111000000
0000000000000000000000000000
0000000000000000000000000000
0000000000000000000000000000
0000000000000000000000000000
0000000000000000000000000000
0000000000000000000000000000
0000000000000000000000000000
