0000000000000000000000000000
0000000000000000000000000000
0000000000000000000000000000
0000000000000000000000000000
0000000000000000000000000000
0000000000000000000000000000
0000000000000000000000000000
0000000000000000000000000000
1111111111111111111111111111
1111111111111111111111111100
0000000000000000011111111100
0000000000000001111111111100
0000000000000001111111100000
0000000000001111111100000000
0000000000001111111100000000
0000000001111111111100000000
0000000001111111100000000000
0000001111111110000000000000
0001111111111110000000000000
0001111111110000000000000000
1111111111110000000000000000
1111111111111111111111111111
1111111111111111111111111111
0000000000000000000000000000
0000000000000000000000000000
0000000000000000000000000000
0000000000000000000000000000
0000000000000000000000000000
