0000000000000000000000000000
0000000000000000000000000000
0000000000000000000000000000
0000000000000000000000000000
0000000000000000000000000000
0000000011111110000000000000
0000000011111111111000000000
0000000010000000001100000000
0000000010000000000110000000
0000000010000000000010000000
0000000010000000000011000000
0000000010000000000001000000
0000000010000000000001000000
0000000010000000000001000000
0000000010000000000001000000
0000000010000000000011000000
0000000010000000000010000000
0000000010000000000110000000
0000000010000000001100000000
0000000010000000111000000000
0000000011111111100000000000
0000000000000000000000000000
0000000000000000000000000000
0000000000000000000000000000
0000000000000000000000000000
0000000000000000000000000000
0000000000000000000000000000
0000000000000000000000000000
