0000000000000000000000000000
0000000000000000000000000000
0000000000000000000000000000
0000000000000000000000000000
0000000000000000000000000000
0000000011111100100000000000
0000000011111100011000000000
0000000011111100011100000000
0000000011111100011111000000
0000000011111100011111000000
0000000011111100011111000000
0000000011111100011111000000
0000000011111100011111000000
0000000011111100011111000000
0000000011111100011111000000
0000000011111100011111000000
0000000011111100011111000000
0000000011111100011110000000
0000000011111100011000000000
0000000011111100100000000000
0000000000000000000000000000
0000000000000000000000000000
0000000000000000000000000000
0000000000000000000000000000
0000000000000000000000000000
0000000000000000000000000000
0000000000000000000000000000
0000000000000000000000000000
