0000000000000000000000000000
0000000000000000000000000000
0000000000000000000000000000
1111111111111111111000000000
1111111111111111111111100000
1111110000000001111111111000
1111110000000000000111111110
1111110000000000000001111110
1111110000000000000001111110
1111110000000000000000011110
1111110000000000000000011111
1111110000000000000000011111
1111110000000000000000011111
1111110000000000000000011111
1111110000000000000000011111
1111110000000000000000011110
1111110000000000000001111110
1111110000000000000001111110
1111110000000000000111111110
1111110000000000011111111000
1111111100001111111111100000
1111111111111111111110000000
1111111111111110000000000000
0000000000000000000000000000
0000000000000000000000000000
0000000000000000000000000000
0000000000000000000000000000
0000000000000000000000000000
