0000000000000000000000000000
0000000000000000000000000000
0000000000000000000000000000
0000000000000000000000000000
0000000000000000000000000000
0000000000000000000000000000
0000001111111101111110000000
0000000011110000011000000000
0000000001110000010000000000
0000000000111000100000000000
0000000000111101100000000000
0000000000011111000000000000
0000000000001110000000000000
0000000000001110000000000000
0000000000000111000000000000
0000000000001111100000000000
0000000000011011100000000000
0000000000010001110000000000
0000000000100001111000000000
0000000001100000111000000000
0000000001000000011100000000
0000000111000000011111000000
0000001111100001111111100000
0000000000000000000000000000
0000000000000000000000000000
0000000000000000000000000000
0000000000000000000000000000
0000000000000000000000000000
