0000000000000000000000000000
0000000000000000000000000000
0000000000000000000000000000
0000000000000000000000000000
0000000000000000000000000000
0000000000000000000000000000
0000000000000000000000000000
0000000000000000000000000000
1111111100000000000001111111
1111111111100000000001111111
0001111111100000001111111100
0000001111111000111111100000
0000001111111111111111100000
0000000011111111111110000000
0000000011111111111110000000
0000000011111111111110000000
0000000011111111111110000000
0000001111111111111111100000
0000001111111000111111100000
0001111111100000001111111100
0001111111100000001111111111
1111111100000000000001111111
1111110000000000000001111111
0000000000000000000000000000
0000000000000000000000000000
0000000000000000000000000000
0000000000000000000000000000
0000000000000000000000000000
