0000000000000000000000000000
0000000000000000000000000000
0000000000000000000000000000
0000000000000000000000000000
0000000000000000000000000000
0000000000000000000000000000
0000000000000000000000000000
0000000000000000000000000000
0000000000000000000000000000
0000000000001111100000000000
0000000000011111111000000000
0000000001110000011100000000
0000000011100000000110000000
0000000001110000000000000000
0000000001111110000000000000
0000000000001111111100000000
0000000000000000011110000000
0000000011000000000111000000
0000000011100000000110000000
0000000001110000001110000000
0000000000011111111000000000
0000000000000000000000000000
0000000000000000000000000000
0000000000000000000000000000
0000000000000000000000000000
0000000000000000000000000000
0000000000000000000000000000
0000000000000000000000000000
