0000000000000000000000000000
0000000000000000000000000000
0000000001111111110000000000
0000000111111111111100000000
0000001111000000011110000000
0000011110000000001111000000
0000111100000000000111100000
0001111000000000000011110000
0001111000000000000011110000
0011110000000000000001111000
0011110000000000000001111000
0011110000000000000001111000
0011110000000000000001111000
0011110000000000000001111000
0011110000000000000001111000
0011110000000000000001111000
0011110000000000000001111000
0011110000000000000001111000
0011110000000000000001111000
0011110000000000000011111000
0001111000000000000011110000
0000111000000000000111110000
0000111100000000000111100000
0000011110000000001111000000
0000001111100000111110000000
0000000011111111111000000000
0000000000011111000000000000
0000000000000000000000000000
