0000000000000000000000000000
0000000000000000000000000000
0000000000000000000000000000
0000000000000000000000000000
0000000000000000000000000000
0000000000000000000000000000
0000000000000000000000000000
0000000000000000000000000000
1111100000001111000000001111
1111100000001111100000001111
1111100000001111100000011110
0011110000111111100000011110
0011110000111111100000011110
0011110000111001111000011100
0011110000111001111000011100
0001110000111001111000111100
0001111101111000111000111100
0001111101111000111100110000
0001111111110000111111110000
0000011111110000111111110000
0000011111110000011111100000
0000011111000000011111100000
0000001111000000011111100000
0000000000000000000000000000
0000000000000000000000000000
0000000000000000000000000000
0000000000000000000000000000
0000000000000000000000000000
