0000000000000000000000000000
0000000000000000000000000000
0000000000000000000000000000
1111111000000000000011111111
1111111000000000001111111100
1111111000000000001111110000
1111111000000000111111000000
1111111000000111111111000000
1111111000011111111100000000
1111111001111111110000000000
1111111111111111000000000000
1111111111111000000000000000
1111111111111111000000000000
1111111001111111110000000000
1111111001111111110000000000
1111111000011111110000000000
1111111000011111111100000000
1111111000000111111111000000
1111111000000000111111110000
1111111000000000001111110000
1111111000000000001111111100
1111111000000000000011111111
1111111000000000000000111111
0000000000000000000000000000
0000000000000000000000000000
0000000000000000000000000000
0000000000000000000000000000
0000000000000000000000000000
