0000000000000000000000000000
0000000000000000000000000000
0000000000000000000000000000
0000000000000000000000000000
0000000000000000000000000000
0000000000000110011000000000
0000000000111000001111000000
0000000000111000000111000000
0000000001111000000011000000
0000000011111000000001000000
0000000111111000000000000000
0000000111111000000000000000
0000000111111000000000000000
0000000111111000000000000000
0000000111111000000000000000
0000000111111000000000000000
0000000011111000000001000000
0000000001111000000011000000
0000000000111000000100000000
0000000000001110011000000000
0000000000000000000000000000
0000000000000000000000000000
0000000000000000000000000000
0000000000000000000000000000
0000000000000000000000000000
0000000000000000000000000000
0000000000000000000000000000
0000000000000000000000000000
