0000000000000000000000000000
0000000000000000000000000000
0000000000000011111100000000
0000000011111111111111111100
0000001111111111111111111111
0000111111110000000000111111
0000111111000000000000000011
0011111111000000000000000000
0011111100000000000000000000
0011111100000000000000000000
0011110000000000000000000000
1111110000000000000000000000
1111110000000000000000000000
1111110000000000000000000000
1111110000000000000000000000
0011110000000000000000000000
0011111100000000000000000000
0011111100000000000000000000
0011111111000000000000000000
0000111111110000000000001111
0000111111111111000011111111
0000001111111111111111111111
0000000000111111111111110000
0000000000000000000000000000
0000000000000000000000000000
0000000000000000000000000000
0000000000000000000000000000
0000000000000000000000000000
