0000000000000000000000000000
0000000000000000000000000000
0000000000000000000000000000
0000000000000000000000000000
0000000000000000000000000000
0000000000000000000000000000
0000000000000000000000000000
0000001111111000001111100000
0000000111100000000110000000
0000000011100000000110000000
0000000011110000000100000000
0000000001110000001100000000
0000000001111000001100000000
0000000000111000001000000000
0000000000111000011000000000
0000000000011100010000000000
0000000000011100010000000000
0000000000001110100000000000
0000000000001110100000000000
0000000000001111100000000000
0000000000000111000000000000
0000000000000111000000000000
0000000000000010000000000000
0000000000000010000000000000
0000000000000000000000000000
0000000000000000000000000000
0000000000000000000000000000
0000000000000000000000000000
