0000000000000000000000000000
0000000000000000000000000000
0000000000000000000000000000
0000000000000000000000000000
0000000000000000000000000000
0000000000011100110000000000
0000000001110000001110000000
0000000001110000001110000000
0000000011110000000010000000
0000000011111000000010000000
0000000011111111100000000000
0000000011111111111000000000
0000000001111111111110000000
0000000000011111111111000000
0000000000011111111111000000
0000000000000001111111000000
0000000010000000001111000000
0000000011000000001110000000
0000000011100000011100000000
0000000000011001110000000000
0000000000000000000000000000
0000000000000000000000000000
0000000000000000000000000000
0000000000000000000000000000
0000000000000000000000000000
0000000000000000000000000000
0000000000000000000000000000
0000000000000000000000000000
