0000000000000000000000000000
0000000000000000000000000000
0001111111111111111111000000
0000011111111111111111000000
0000001111000000000011000000
0000001111000000000001000000
0000001111000000000001000000
0000001111000000000000000000
0000001111000000000000000000
0000001111000000000000000000
0000001111000000000000000000
0000001111000000000100000000
0000001111000000000100000000
0000001111000000011100000000
0000001111111111111100000000
0000001111111111111100000000
0000001111000000001100000000
0000001111000000000100000000
0000001111000000000100000000
0000001111000000000000000000
0000001111000000000000000000
0000001111000000000000010000
0000001111000000000000110000
0000001111000000000001100000
0000001111000000000111100000
0000011111111111111111100000
0001111111111111111111000000
0000000000000000000000000000
