0000000000000000000000000000
0000000000000000000000000000
0000000000111111110000100000
0000000011111111111111100000
0000001111100000001111100000
0000011110000000000011100000
0000111100000000000001100000
0001111000000000000000100000
0001111000000000000000100000
0011111000000000000000000000
0011110000000000000000000000
0011110000000000000000000000
0011110000000000000000000000
0011110000000000000000000000
0011110000000000011111111100
0011110000000000000011110000
0011110000000000000011110000
0011110000000000000011110000
0011110000000000000011110000
0011111000000000000011110000
0001111000000000000011110000
0000111100000000000011110000
0000111110000000000011110000
0000011111000000000011110000
0000000111110000001111100000
0000000011111111111110000000
0000000000011111100000000000
0000000000000000000000000000
