0000000000000000000000000000
0000000000000000000000000000
0000000000000000000000000000
0000000000000000000000000000
0000000000000111100000000000
0000000000011111111000000000
0000000001111111111100000000
0000000011100000000110000000
0000000110000000000011000000
0000000110000000000011000000
0000000110000000000000000000
0000000100000000000000000000
0000000100000001111111000000
0000000100000001111111000000
0000000100000001111111000000
0000000110000000000001000000
0000000110000000000001000000
0000000011000000000001000000
0000000001110000001111000000
0000000000111111111100000000
0000000000000111100000000000
0000000000000000000000000000
0000000000000000000000000000
0000000000000000000000000000
0000000000000000000000000000
0000000000000000000000000000
0000000000000000000000000000
0000000000000000000000000000
