0000000000000000000000000000
0000000000000000000000000000
0000000000000000000000000000
0000000000000000000000000000
0000000000000000000000000000
0000000000001111100000000000
0000000000111111111100000000
0000000001100000000110000000
0000000010000000000011000000
0000000110000000000011000000
0000000110000000000000000000
0000000100000000000000000000
0000000100000000000000000000
0000000100000000111111000000
0000000100000000111111000000
0000000110000000000001000000
0000000110000000000001000000
0000000011000000000011000000
0000000001100000000111000000
0000000001110000011111000000
0000000000011111111001000000
0000000000000000000000000000
0000000000000000000000000000
0000000000000000000000000000
0000000000000000000000000000
0000000000000000000000000000
0000000000000000000000000000
0000000000000000000000000000
