0000000000000000000000000000
0000000000000000000000000000
0000000000000011111110000000
0000000011111111111111111110
0000001111111111111111111111
0000111111110000000000000111
0011111111000000000000000000
0011111100000000000000000000
1111111100000000000000000000
1111110000000000000000000000
1111110000000000000000000000
1111110000000001111111111111
1111110000000001111111111111
1111110000000001100000011111
1111110000000001100000011111
1111110000000000000000000111
1111110000000000000000000111
1111111100000000000000000111
0011111111000000000000000111
0011111111110000000000000111
0000111111111110000001111111
0000001111111111111111111111
0000000000111111111111111000
0000000000000000000000000000
0000000000000000000000000000
0000000000000000000000000000
0000000000000000000000000000
0000000000000000000000000000
