0000000000000000000000000000
0000000000000000000000000000
0000000000000000000000000000
0000000000000000000000000000
0000000000000000000000000000
0000000000001100110001000000
0000000000111000001111000000
0000000001110000000111000000
0000000011110000000011000000
0000000011110000000001000000
0000000111110000000001000000
0000000111110000000000000000
0000000111110001111111100000
0000000111110000011111000000
0000000111110000011110000000
0000000111110000011110000000
0000000011110000011110000000
0000000001110000011110000000
0000000000111000011100000000
0000000000001100110000000000
0000000000000000000000000000
0000000000000000000000000000
0000000000000000000000000000
0000000000000000000000000000
0000000000000000000000000000
0000000000000000000000000000
0000000000000000000000000000
0000000000000000000000000000
