0000000000000000000000000000
0000000000000000000000000000
0000000000000000000000000000
0000000000000000000000000000
0000000000000000000000000000
0000000011111110011111000000
0000000001111110001111000000
0000000001111110000111000000
0000000001111110000001000000
0000000001111110000000000000
0000000001111110000000000000
0000000001111110001000000000
0000000001111110011000000000
0000000001111110001000000000
0000000001111110000000000000
0000000001111110000000000000
0000000001111110000000000000
0000000001111110000001000000
0000000001111110000111000000
0000000011111110011111000000
0000000000000000000000000000
0000000000000000000000000000
0000000000000000000000000000
0000000000000000000000000000
0000000000000000000000000000
0000000000000000000000000000
0000000000000000000000000000
0000000000000000000000000000
