0000000000000000000000000000
0000000000000000000000000000
0000000000000000000000000000
0000000000000000000000000000
0000000000000000000000000000
0000000000000000000000000000
0000000000000000000000000000
0000000000111111100000000000
0000011111111111111111111111
0001111111110001111111111111
0001111111000000000111111100
0001111100000000000111111100
0001111100000000000111111100
0001111100000000000111111100
0001111100000000000111111100
0001111111000000011111111100
0001111111111111111111110000
1111111111111111111111000000
1111111100000000000000000000
1111111111000000000000000000
0001111111111111111111111100
0001111111111111111111111111
1111111100000000000000111111
1111111100000000000000111111
1111100000000000000000111111
1111111100000000000111111111
1111111111111111111111111100
0000011111111111111111110000
