0000000000000000000000000000
0000000000000000000000000000
0000000000000000000000000000
0000000000000000000000000000
0000000000000000000000000000
0000000000000000001100000000
0000000000000000001100000000
0000000000000000001100000000
0000000000000000001100000000
0000000000000000001100000000
0000000000000000001100000000
0000000000000000001100000000
0000000000000000001100000000
0000000000000000001100000000
0000000000000000001100000000
0000000000000000001100000000
0000000011000000001100000000
0000000011000000001100000000
0000000011100000011000000000
0000000001110000011000000000
0000000000011111100000000000
0000000000000000000000000000
0000000000000000000000000000
0000000000000000000000000000
0000000000000000000000000000
0000000000000000000000000000
0000000000000000000000000000
0000000000000000000000000000
