0000000000000000000000000000
0000000000000000000000000000
0000000000000000000000000000
0000000000000000000011111111
0000000000000000000011111111
0000000000000000000011111111
0000000000000000000011111111
0000000000000000000011111111
0000000000000000000011111111
0000000000000000000011111111
0000000000000000000011111111
0000000000000000000011111111
0000000000000000000011111111
0000000000000000000011111111
0000000000000000000011111111
0000000000000000000011111111
0000000000000000000011111111
0000000000000000000011111111
0000000000000000111111111111
0000000000000000111111111111
1111111100001111111111111111
1111111111111111111111111111
1111111111111111111111110000
0000000000000000000000000000
0000000000000000000000000000
0000000000000000000000000000
0000000000000000000000000000
0000000000000000000000000000
